* Haltestellen
*
$STOPPOINT:ID;Code;Name
0;0;0
1;1;1
2;2;2
3;3;3
4;4;4
5;5;5
6;6;6
7;7;7
8;8;8
*
* Linien
*
$LINE:ID;Code;Name
1;1;1
2;2;2
3;3;3
4;4;4
5;5;5
*
* Fahrzeugtypen
*
$VEHICLETYPE:ID;Code;Name;VehCost;KmCost;HourCost;Capacity
1;1;1;1000;0;60;1000
*
* FahrzeugtypGruppen
*
$VEHICLETYPEGROUP:ID;Code;Name
1;1;1
*
* FahrzeugtypZuFahrzeugtypGruppe
*
$VEHTYPETOVEHTYPEGROUP:VehTypeID;VehTypeGroupID
1;1
*
* FahrzeugKapazitaetenZuHaltestelle
*
$VEHTYPECAPTOSTOPPOINT:VehTypeID;StoppointID;Min;Max
1;3;0;1000
*
* Linienfahrten
*
$SERVICEJOURNEY:ID;LineID;FromStopID;ToStopID;DepTime;ArrTime;MinAheadTime;MinLayoverTime;VehTypeGroupID;MaxShiftBackwardSeconds;MaxShiftForwardSeconds
0;1;4;5;000:06:19:00;000:07:42:00;0;0;1;0;0
1;1;4;5;000:06:39:00;000:08:02:00;0;0;1;0;0
2;1;4;5;000:06:59:00;000:08:22:00;0;0;1;0;0
3;1;4;5;000:07:19:00;000:08:42:00;0;0;1;0;0
4;1;4;5;000:07:39:00;000:09:02:00;0;0;1;0;0
5;1;4;5;000:07:59:00;000:09:22:00;0;0;1;0;0
6;1;4;5;000:08:19:00;000:09:42:00;0;0;1;0;0
7;1;4;5;000:08:39:00;000:10:02:00;0;0;1;0;0
8;1;4;5;000:08:59:00;000:10:22:00;0;0;1;0;0
9;1;4;5;000:09:19:00;000:10:28:00;0;0;1;0;0
10;1;4;5;000:09:49:00;000:10:58:00;0;0;1;0;0
11;1;4;5;000:10:19:00;000:11:28:00;0;0;1;0;0
12;1;4;5;000:10:49:00;000:11:58:00;0;0;1;0;0
13;1;4;5;000:11:19:00;000:12:28:00;0;0;1;0;0
14;1;4;5;000:11:49:00;000:12:58:00;0;0;1;0;0
15;1;4;5;000:12:19:00;000:13:28:00;0;0;1;0;0
16;1;4;5;000:12:49:00;000:13:58:00;0;0;1;0;0
17;1;4;5;000:13:19:00;000:14:31:00;0;0;1;0;0
18;1;4;5;000:13:39:00;000:14:51:00;0;0;1;0;0
19;1;4;5;000:13:59:00;000:15:11:00;0;0;1;0;0
20;1;4;5;000:14:19:00;000:15:31:00;0;0;1;0;0
21;1;4;5;000:14:39:00;000:15:51:00;0;0;1;0;0
22;1;4;5;000:14:59:00;000:16:11:00;0;0;1;0;0
23;1;4;5;000:15:19:00;000:16:31:00;0;0;1;0;0
24;1;4;5;000:15:39:00;000:16:51:00;0;0;1;0;0
25;1;4;5;000:15:59:00;000:17:11:00;0;0;1;0;0
26;1;4;5;000:16:19:00;000:17:31:00;0;0;1;0;0
27;1;4;5;000:16:39:00;000:17:51:00;0;0;1;0;0
28;1;4;5;000:16:59:00;000:18:11:00;0;0;1;0;0
29;1;4;5;000:17:19:00;000:18:31:00;0;0;1;0;0
30;1;4;5;000:17:39:00;000:18:51:00;0;0;1;0;0
31;1;4;5;000:17:59:00;000:19:11:00;0;0;1;0;0
32;1;4;5;000:18:19:00;000:19:31:00;0;0;1;0;0
33;1;4;5;000:18:39:00;000:19:51:00;0;0;1;0;0
34;1;4;5;000:18:59:00;000:20:11:00;0;0;1;0;0
35;1;4;5;000:19:19:00;000:20:23:00;0;0;1;0;0
36;1;4;5;000:20:19:00;000:21:23:00;0;0;1;0;0
37;1;4;5;000:21:19:00;000:22:23:00;0;0;1;0;0
38;1;4;5;000:22:19:00;000:23:23:00;0;0;1;0;0
39;1;4;5;000:23:19:00;001:00:23:00;0;0;1;0;0
40;1;5;4;000:06:11:00;000:07:34:00;0;0;1;0;0
41;1;5;4;000:06:31:00;000:07:54:00;0;0;1;0;0
42;1;5;4;000:06:51:00;000:08:14:00;0;0;1;0;0
43;1;5;4;000:07:11:00;000:08:34:00;0;0;1;0;0
44;1;5;4;000:07:31:00;000:08:54:00;0;0;1;0;0
45;1;5;4;000:07:51:00;000:09:14:00;0;0;1;0;0
46;1;5;4;000:08:11:00;000:09:34:00;0;0;1;0;0
47;1;5;4;000:08:31:00;000:09:54:00;0;0;1;0;0
48;1;5;4;000:08:51:00;000:10:14:00;0;0;1;0;0
49;1;5;4;000:09:11:00;000:10:20:00;0;0;1;0;0
50;1;5;4;000:09:41:00;000:10:50:00;0;0;1;0;0
51;1;5;4;000:10:11:00;000:11:20:00;0;0;1;0;0
52;1;5;4;000:10:41:00;000:11:50:00;0;0;1;0;0
53;1;5;4;000:11:11:00;000:12:20:00;0;0;1;0;0
54;1;5;4;000:11:41:00;000:12:50:00;0;0;1;0;0
55;1;5;4;000:12:11:00;000:13:20:00;0;0;1;0;0
56;1;5;4;000:12:41:00;000:13:50:00;0;0;1;0;0
57;1;5;4;000:13:11:00;000:14:23:00;0;0;1;0;0
58;1;5;4;000:13:31:00;000:14:43:00;0;0;1;0;0
59;1;5;4;000:13:51:00;000:15:03:00;0;0;1;0;0
60;1;5;4;000:14:11:00;000:15:23:00;0;0;1;0;0
61;1;5;4;000:14:31:00;000:15:43:00;0;0;1;0;0
62;1;5;4;000:14:51:00;000:16:03:00;0;0;1;0;0
63;1;5;4;000:15:11:00;000:16:23:00;0;0;1;0;0
64;1;5;4;000:15:31:00;000:16:43:00;0;0;1;0;0
65;1;5;4;000:15:51:00;000:17:03:00;0;0;1;0;0
66;1;5;4;000:16:11:00;000:17:23:00;0;0;1;0;0
67;1;5;4;000:16:31:00;000:17:43:00;0;0;1;0;0
68;1;5;4;000:16:51:00;000:18:03:00;0;0;1;0;0
69;1;5;4;000:17:11:00;000:18:23:00;0;0;1;0;0
70;1;5;4;000:17:31:00;000:18:43:00;0;0;1;0;0
71;1;5;4;000:17:51:00;000:19:03:00;0;0;1;0;0
72;1;5;4;000:18:11:00;000:19:23:00;0;0;1;0;0
73;1;5;4;000:18:31:00;000:19:43:00;0;0;1;0;0
74;1;5;4;000:18:51:00;000:20:03:00;0;0;1;0;0
75;1;5;4;000:19:11:00;000:20:15:00;0;0;1;0;0
76;1;5;4;000:20:11:00;000:21:15:00;0;0;1;0;0
77;1;5;4;000:21:11:00;000:22:15:00;0;0;1;0;0
78;1;5;4;000:22:11:00;000:23:15:00;0;0;1;0;0
79;1;5;4;000:23:11:00;001:00:15:00;0;0;1;0;0
80;2;4;6;000:06:03:00;000:07:32:00;0;0;1;0;0
81;2;4;6;000:06:23:00;000:07:52:00;0;0;1;0;0
82;2;4;6;000:06:43:00;000:08:12:00;0;0;1;0;0
83;2;4;6;000:07:03:00;000:08:32:00;0;0;1;0;0
84;2;4;6;000:07:23:00;000:08:52:00;0;0;1;0;0
85;2;4;6;000:07:43:00;000:09:12:00;0;0;1;0;0
86;2;4;6;000:08:03:00;000:09:32:00;0;0;1;0;0
87;2;4;6;000:08:23:00;000:09:52:00;0;0;1;0;0
88;2;4;6;000:08:43:00;000:10:12:00;0;0;1;0;0
89;2;4;6;000:09:03:00;000:10:17:00;0;0;1;0;0
90;2;4;6;000:09:33:00;000:10:47:00;0;0;1;0;0
91;2;4;6;000:10:03:00;000:11:17:00;0;0;1;0;0
92;2;4;6;000:10:33:00;000:11:47:00;0;0;1;0;0
93;2;4;6;000:11:03:00;000:12:17:00;0;0;1;0;0
94;2;4;6;000:11:33:00;000:12:47:00;0;0;1;0;0
95;2;4;6;000:12:03:00;000:13:17:00;0;0;1;0;0
96;2;4;6;000:12:33:00;000:13:47:00;0;0;1;0;0
97;2;4;6;000:13:03:00;000:14:21:00;0;0;1;0;0
98;2;4;6;000:13:23:00;000:14:41:00;0;0;1;0;0
99;2;4;6;000:13:43:00;000:15:01:00;0;0;1;0;0
100;2;4;6;000:14:03:00;000:15:21:00;0;0;1;0;0
101;2;4;6;000:14:23:00;000:15:41:00;0;0;1;0;0
102;2;4;6;000:14:43:00;000:16:01:00;0;0;1;0;0
103;2;4;6;000:15:03:00;000:16:21:00;0;0;1;0;0
104;2;4;6;000:15:23:00;000:16:41:00;0;0;1;0;0
105;2;4;6;000:15:43:00;000:17:01:00;0;0;1;0;0
106;2;4;6;000:16:03:00;000:17:21:00;0;0;1;0;0
107;2;4;6;000:16:23:00;000:17:41:00;0;0;1;0;0
108;2;4;6;000:16:43:00;000:18:01:00;0;0;1;0;0
109;2;4;6;000:17:03:00;000:18:21:00;0;0;1;0;0
110;2;4;6;000:17:23:00;000:18:41:00;0;0;1;0;0
111;2;4;6;000:17:43:00;000:19:01:00;0;0;1;0;0
112;2;4;6;000:18:03:00;000:19:21:00;0;0;1;0;0
113;2;4;6;000:18:23:00;000:19:41:00;0;0;1;0;0
114;2;4;6;000:18:43:00;000:20:01:00;0;0;1;0;0
115;2;4;6;000:19:03:00;000:20:12:00;0;0;1;0;0
116;2;4;6;000:20:03:00;000:21:12:00;0;0;1;0;0
117;2;4;6;000:21:03:00;000:22:12:00;0;0;1;0;0
118;2;4;6;000:22:03:00;000:23:12:00;0;0;1;0;0
119;2;4;6;000:23:03:00;001:00:12:00;0;0;1;0;0
120;2;6;4;000:06:18:00;000:07:47:00;0;0;1;0;0
121;2;6;4;000:06:38:00;000:08:07:00;0;0;1;0;0
122;2;6;4;000:06:58:00;000:08:27:00;0;0;1;0;0
123;2;6;4;000:07:18:00;000:08:47:00;0;0;1;0;0
124;2;6;4;000:07:38:00;000:09:07:00;0;0;1;0;0
125;2;6;4;000:07:58:00;000:09:27:00;0;0;1;0;0
126;2;6;4;000:08:18:00;000:09:47:00;0;0;1;0;0
127;2;6;4;000:08:38:00;000:10:07:00;0;0;1;0;0
128;2;6;4;000:08:58:00;000:10:27:00;0;0;1;0;0
129;2;6;4;000:09:18:00;000:10:32:00;0;0;1;0;0
130;2;6;4;000:09:48:00;000:11:02:00;0;0;1;0;0
131;2;6;4;000:10:18:00;000:11:32:00;0;0;1;0;0
132;2;6;4;000:10:48:00;000:12:02:00;0;0;1;0;0
133;2;6;4;000:11:18:00;000:12:32:00;0;0;1;0;0
134;2;6;4;000:11:48:00;000:13:02:00;0;0;1;0;0
135;2;6;4;000:12:18:00;000:13:32:00;0;0;1;0;0
136;2;6;4;000:12:48:00;000:14:02:00;0;0;1;0;0
137;2;6;4;000:13:18:00;000:14:36:00;0;0;1;0;0
138;2;6;4;000:13:38:00;000:14:56:00;0;0;1;0;0
139;2;6;4;000:13:58:00;000:15:16:00;0;0;1;0;0
140;2;6;4;000:14:18:00;000:15:36:00;0;0;1;0;0
141;2;6;4;000:14:38:00;000:15:56:00;0;0;1;0;0
142;2;6;4;000:14:58:00;000:16:16:00;0;0;1;0;0
143;2;6;4;000:15:18:00;000:16:36:00;0;0;1;0;0
144;2;6;4;000:15:38:00;000:16:56:00;0;0;1;0;0
145;2;6;4;000:15:58:00;000:17:16:00;0;0;1;0;0
146;2;6;4;000:16:18:00;000:17:36:00;0;0;1;0;0
147;2;6;4;000:16:38:00;000:17:56:00;0;0;1;0;0
148;2;6;4;000:16:58:00;000:18:16:00;0;0;1;0;0
149;2;6;4;000:17:18:00;000:18:36:00;0;0;1;0;0
150;2;6;4;000:17:38:00;000:18:56:00;0;0;1;0;0
151;2;6;4;000:17:58:00;000:19:16:00;0;0;1;0;0
152;2;6;4;000:18:18:00;000:19:36:00;0;0;1;0;0
153;2;6;4;000:18:38:00;000:19:56:00;0;0;1;0;0
154;2;6;4;000:18:58:00;000:20:16:00;0;0;1;0;0
155;2;6;4;000:19:18:00;000:20:27:00;0;0;1;0;0
156;2;6;4;000:20:18:00;000:21:27:00;0;0;1;0;0
157;2;6;4;000:21:18:00;000:22:27:00;0;0;1;0;0
158;2;6;4;000:22:18:00;000:23:27:00;0;0;1;0;0
159;2;6;4;000:23:18:00;001:00:27:00;0;0;1;0;0
160;3;4;7;000:06:14:00;000:08:12:00;0;0;1;0;0
161;3;4;7;000:06:34:00;000:08:32:00;0;0;1;0;0
162;3;4;7;000:06:54:00;000:08:52:00;0;0;1;0;0
163;3;4;7;000:07:14:00;000:09:12:00;0;0;1;0;0
164;3;4;7;000:07:34:00;000:09:32:00;0;0;1;0;0
165;3;4;7;000:07:54:00;000:09:52:00;0;0;1;0;0
166;3;4;7;000:08:14:00;000:10:12:00;0;0;1;0;0
167;3;4;7;000:08:34:00;000:10:32:00;0;0;1;0;0
168;3;4;7;000:08:54:00;000:10:52:00;0;0;1;0;0
169;3;4;7;000:09:14:00;000:10:53:00;0;0;1;0;0
170;3;4;7;000:09:44:00;000:11:23:00;0;0;1;0;0
171;3;4;7;000:10:14:00;000:11:53:00;0;0;1;0;0
172;3;4;7;000:10:44:00;000:12:23:00;0;0;1;0;0
173;3;4;7;000:11:14:00;000:12:53:00;0;0;1;0;0
174;3;4;7;000:11:44:00;000:13:23:00;0;0;1;0;0
175;3;4;7;000:12:14:00;000:13:53:00;0;0;1;0;0
176;3;4;7;000:12:44:00;000:14:23:00;0;0;1;0;0
177;3;4;7;000:13:14:00;000:14:57:00;0;0;1;0;0
178;3;4;7;000:13:34:00;000:15:17:00;0;0;1;0;0
179;3;4;7;000:13:54:00;000:15:37:00;0;0;1;0;0
180;3;4;7;000:14:14:00;000:15:57:00;0;0;1;0;0
181;3;4;7;000:14:34:00;000:16:17:00;0;0;1;0;0
182;3;4;7;000:14:54:00;000:16:37:00;0;0;1;0;0
183;3;4;7;000:15:14:00;000:16:57:00;0;0;1;0;0
184;3;4;7;000:15:34:00;000:17:17:00;0;0;1;0;0
185;3;4;7;000:15:54:00;000:17:37:00;0;0;1;0;0
186;3;4;7;000:16:14:00;000:17:57:00;0;0;1;0;0
187;3;4;7;000:16:34:00;000:18:17:00;0;0;1;0;0
188;3;4;7;000:16:54:00;000:18:37:00;0;0;1;0;0
189;3;4;7;000:17:14:00;000:18:57:00;0;0;1;0;0
190;3;4;7;000:17:34:00;000:19:17:00;0;0;1;0;0
191;3;4;7;000:17:54:00;000:19:37:00;0;0;1;0;0
192;3;4;7;000:18:14:00;000:19:57:00;0;0;1;0;0
193;3;4;7;000:18:34:00;000:20:17:00;0;0;1;0;0
194;3;4;7;000:18:54:00;000:20:37:00;0;0;1;0;0
195;3;4;7;000:19:14:00;000:20:45:00;0;0;1;0;0
196;3;4;7;000:20:14:00;000:21:45:00;0;0;1;0;0
197;3;4;7;000:21:14:00;000:22:45:00;0;0;1;0;0
198;3;4;7;000:22:14:00;000:23:45:00;0;0;1;0;0
199;3;4;7;000:23:14:00;001:00:45:00;0;0;1;0;0
200;3;7;4;000:06:04:00;000:08:02:00;0;0;1;0;0
201;3;7;4;000:06:24:00;000:08:22:00;0;0;1;0;0
202;3;7;4;000:06:44:00;000:08:42:00;0;0;1;0;0
203;3;7;4;000:07:04:00;000:09:02:00;0;0;1;0;0
204;3;7;4;000:07:24:00;000:09:22:00;0;0;1;0;0
205;3;7;4;000:07:44:00;000:09:42:00;0;0;1;0;0
206;3;7;4;000:08:04:00;000:10:02:00;0;0;1;0;0
207;3;7;4;000:08:24:00;000:10:22:00;0;0;1;0;0
208;3;7;4;000:08:44:00;000:10:42:00;0;0;1;0;0
209;3;7;4;000:09:04:00;000:10:43:00;0;0;1;0;0
210;3;7;4;000:09:34:00;000:11:13:00;0;0;1;0;0
211;3;7;4;000:10:04:00;000:11:43:00;0;0;1;0;0
212;3;7;4;000:10:34:00;000:12:13:00;0;0;1;0;0
213;3;7;4;000:11:04:00;000:12:43:00;0;0;1;0;0
214;3;7;4;000:11:34:00;000:13:13:00;0;0;1;0;0
215;3;7;4;000:12:04:00;000:13:43:00;0;0;1;0;0
216;3;7;4;000:12:34:00;000:14:13:00;0;0;1;0;0
217;3;7;4;000:13:04:00;000:14:47:00;0;0;1;0;0
218;3;7;4;000:13:24:00;000:15:07:00;0;0;1;0;0
219;3;7;4;000:13:44:00;000:15:27:00;0;0;1;0;0
220;3;7;4;000:14:04:00;000:15:47:00;0;0;1;0;0
221;3;7;4;000:14:24:00;000:16:07:00;0;0;1;0;0
222;3;7;4;000:14:44:00;000:16:27:00;0;0;1;0;0
223;3;7;4;000:15:04:00;000:16:47:00;0;0;1;0;0
224;3;7;4;000:15:24:00;000:17:07:00;0;0;1;0;0
225;3;7;4;000:15:44:00;000:17:27:00;0;0;1;0;0
226;3;7;4;000:16:04:00;000:17:47:00;0;0;1;0;0
227;3;7;4;000:16:24:00;000:18:07:00;0;0;1;0;0
228;3;7;4;000:16:44:00;000:18:27:00;0;0;1;0;0
229;3;7;4;000:17:04:00;000:18:47:00;0;0;1;0;0
230;3;7;4;000:17:24:00;000:19:07:00;0;0;1;0;0
231;3;7;4;000:17:44:00;000:19:27:00;0;0;1;0;0
232;3;7;4;000:18:04:00;000:19:47:00;0;0;1;0;0
233;3;7;4;000:18:24:00;000:20:07:00;0;0;1;0;0
234;3;7;4;000:18:44:00;000:20:27:00;0;0;1;0;0
235;3;7;4;000:19:04:00;000:20:35:00;0;0;1;0;0
236;3;7;4;000:20:04:00;000:21:35:00;0;0;1;0;0
237;3;7;4;000:21:04:00;000:22:35:00;0;0;1;0;0
238;3;7;4;000:22:04:00;000:23:35:00;0;0;1;0;0
239;3;7;4;000:23:04:00;001:00:35:00;0;0;1;0;0
240;4;5;6;000:06:16:00;000:07:25:00;0;0;1;0;0
241;4;5;6;000:06:36:00;000:07:45:00;0;0;1;0;0
242;4;5;6;000:06:56:00;000:08:05:00;0;0;1;0;0
243;4;5;6;000:07:16:00;000:08:25:00;0;0;1;0;0
244;4;5;6;000:07:36:00;000:08:45:00;0;0;1;0;0
245;4;5;6;000:07:56:00;000:09:05:00;0;0;1;0;0
246;4;5;6;000:08:16:00;000:09:25:00;0;0;1;0;0
247;4;5;6;000:08:36:00;000:09:45:00;0;0;1;0;0
248;4;5;6;000:08:56:00;000:10:05:00;0;0;1;0;0
249;4;5;6;000:09:16:00;000:10:14:00;0;0;1;0;0
250;4;5;6;000:09:46:00;000:10:44:00;0;0;1;0;0
251;4;5;6;000:10:16:00;000:11:14:00;0;0;1;0;0
252;4;5;6;000:10:46:00;000:11:44:00;0;0;1;0;0
253;4;5;6;000:11:16:00;000:12:14:00;0;0;1;0;0
254;4;5;6;000:11:46:00;000:12:44:00;0;0;1;0;0
255;4;5;6;000:12:16:00;000:13:14:00;0;0;1;0;0
256;4;5;6;000:12:46:00;000:13:44:00;0;0;1;0;0
257;4;5;6;000:13:16:00;000:14:16:00;0;0;1;0;0
258;4;5;6;000:13:36:00;000:14:36:00;0;0;1;0;0
259;4;5;6;000:13:56:00;000:14:56:00;0;0;1;0;0
260;4;5;6;000:14:16:00;000:15:16:00;0;0;1;0;0
261;4;5;6;000:14:36:00;000:15:36:00;0;0;1;0;0
262;4;5;6;000:14:56:00;000:15:56:00;0;0;1;0;0
263;4;5;6;000:15:16:00;000:16:16:00;0;0;1;0;0
264;4;5;6;000:15:36:00;000:16:36:00;0;0;1;0;0
265;4;5;6;000:15:56:00;000:16:56:00;0;0;1;0;0
266;4;5;6;000:16:16:00;000:17:16:00;0;0;1;0;0
267;4;5;6;000:16:36:00;000:17:36:00;0;0;1;0;0
268;4;5;6;000:16:56:00;000:17:56:00;0;0;1;0;0
269;4;5;6;000:17:16:00;000:18:16:00;0;0;1;0;0
270;4;5;6;000:17:36:00;000:18:36:00;0;0;1;0;0
271;4;5;6;000:17:56:00;000:18:56:00;0;0;1;0;0
272;4;5;6;000:18:16:00;000:19:16:00;0;0;1;0;0
273;4;5;6;000:18:36:00;000:19:36:00;0;0;1;0;0
274;4;5;6;000:18:56:00;000:19:56:00;0;0;1;0;0
275;4;5;6;000:19:16:00;000:20:09:00;0;0;1;0;0
276;4;5;6;000:20:16:00;000:21:09:00;0;0;1;0;0
277;4;5;6;000:21:16:00;000:22:09:00;0;0;1;0;0
278;4;5;6;000:22:16:00;000:23:09:00;0;0;1;0;0
279;4;5;6;000:23:16:00;001:00:09:00;0;0;1;0;0
280;4;6;5;000:06:13:00;000:07:22:00;0;0;1;0;0
281;4;6;5;000:06:33:00;000:07:42:00;0;0;1;0;0
282;4;6;5;000:06:53:00;000:08:02:00;0;0;1;0;0
283;4;6;5;000:07:13:00;000:08:22:00;0;0;1;0;0
284;4;6;5;000:07:33:00;000:08:42:00;0;0;1;0;0
285;4;6;5;000:07:53:00;000:09:02:00;0;0;1;0;0
286;4;6;5;000:08:13:00;000:09:22:00;0;0;1;0;0
287;4;6;5;000:08:33:00;000:09:42:00;0;0;1;0;0
288;4;6;5;000:08:53:00;000:10:02:00;0;0;1;0;0
289;4;6;5;000:09:13:00;000:10:11:00;0;0;1;0;0
290;4;6;5;000:09:43:00;000:10:41:00;0;0;1;0;0
291;4;6;5;000:10:13:00;000:11:11:00;0;0;1;0;0
292;4;6;5;000:10:43:00;000:11:41:00;0;0;1;0;0
293;4;6;5;000:11:13:00;000:12:11:00;0;0;1;0;0
294;4;6;5;000:11:43:00;000:12:41:00;0;0;1;0;0
295;4;6;5;000:12:13:00;000:13:11:00;0;0;1;0;0
296;4;6;5;000:12:43:00;000:13:41:00;0;0;1;0;0
297;4;6;5;000:13:13:00;000:14:13:00;0;0;1;0;0
298;4;6;5;000:13:33:00;000:14:33:00;0;0;1;0;0
299;4;6;5;000:13:53:00;000:14:53:00;0;0;1;0;0
300;4;6;5;000:14:13:00;000:15:13:00;0;0;1;0;0
301;4;6;5;000:14:33:00;000:15:33:00;0;0;1;0;0
302;4;6;5;000:14:53:00;000:15:53:00;0;0;1;0;0
303;4;6;5;000:15:13:00;000:16:13:00;0;0;1;0;0
304;4;6;5;000:15:33:00;000:16:33:00;0;0;1;0;0
305;4;6;5;000:15:53:00;000:16:53:00;0;0;1;0;0
306;4;6;5;000:16:13:00;000:17:13:00;0;0;1;0;0
307;4;6;5;000:16:33:00;000:17:33:00;0;0;1;0;0
308;4;6;5;000:16:53:00;000:17:53:00;0;0;1;0;0
309;4;6;5;000:17:13:00;000:18:13:00;0;0;1;0;0
310;4;6;5;000:17:33:00;000:18:33:00;0;0;1;0;0
311;4;6;5;000:17:53:00;000:18:53:00;0;0;1;0;0
312;4;6;5;000:18:13:00;000:19:13:00;0;0;1;0;0
313;4;6;5;000:18:33:00;000:19:33:00;0;0;1;0;0
314;4;6;5;000:18:53:00;000:19:53:00;0;0;1;0;0
315;4;6;5;000:19:13:00;000:20:06:00;0;0;1;0;0
316;4;6;5;000:20:13:00;000:21:06:00;0;0;1;0;0
317;4;6;5;000:21:13:00;000:22:06:00;0;0;1;0;0
318;4;6;5;000:22:13:00;000:23:06:00;0;0;1;0;0
319;4;6;5;000:23:13:00;001:00:06:00;0;0;1;0;0
320;5;6;8;000:06:07:00;000:07:35:00;0;0;1;0;0
321;5;6;8;000:06:27:00;000:07:55:00;0;0;1;0;0
322;5;6;8;000:06:47:00;000:08:15:00;0;0;1;0;0
323;5;6;8;000:07:07:00;000:08:35:00;0;0;1;0;0
324;5;6;8;000:07:27:00;000:08:55:00;0;0;1;0;0
325;5;6;8;000:07:47:00;000:09:15:00;0;0;1;0;0
326;5;6;8;000:08:07:00;000:09:35:00;0;0;1;0;0
327;5;6;8;000:08:27:00;000:09:55:00;0;0;1;0;0
328;5;6;8;000:08:47:00;000:10:15:00;0;0;1;0;0
329;5;6;8;000:09:07:00;000:10:20:00;0;0;1;0;0
330;5;6;8;000:09:37:00;000:10:50:00;0;0;1;0;0
331;5;6;8;000:10:07:00;000:11:20:00;0;0;1;0;0
332;5;6;8;000:10:37:00;000:11:50:00;0;0;1;0;0
333;5;6;8;000:11:07:00;000:12:20:00;0;0;1;0;0
334;5;6;8;000:11:37:00;000:12:50:00;0;0;1;0;0
335;5;6;8;000:12:07:00;000:13:20:00;0;0;1;0;0
336;5;6;8;000:12:37:00;000:13:50:00;0;0;1;0;0
337;5;6;8;000:13:07:00;000:14:23:00;0;0;1;0;0
338;5;6;8;000:13:27:00;000:14:43:00;0;0;1;0;0
339;5;6;8;000:13:47:00;000:15:03:00;0;0;1;0;0
340;5;6;8;000:14:07:00;000:15:23:00;0;0;1;0;0
341;5;6;8;000:14:27:00;000:15:43:00;0;0;1;0;0
342;5;6;8;000:14:47:00;000:16:03:00;0;0;1;0;0
343;5;6;8;000:15:07:00;000:16:23:00;0;0;1;0;0
344;5;6;8;000:15:27:00;000:16:43:00;0;0;1;0;0
345;5;6;8;000:15:47:00;000:17:03:00;0;0;1;0;0
346;5;6;8;000:16:07:00;000:17:23:00;0;0;1;0;0
347;5;6;8;000:16:27:00;000:17:43:00;0;0;1;0;0
348;5;6;8;000:16:47:00;000:18:03:00;0;0;1;0;0
349;5;6;8;000:17:07:00;000:18:23:00;0;0;1;0;0
350;5;6;8;000:17:27:00;000:18:43:00;0;0;1;0;0
351;5;6;8;000:17:47:00;000:19:03:00;0;0;1;0;0
352;5;6;8;000:18:07:00;000:19:23:00;0;0;1;0;0
353;5;6;8;000:18:27:00;000:19:43:00;0;0;1;0;0
354;5;6;8;000:18:47:00;000:20:03:00;0;0;1;0;0
355;5;6;8;000:19:07:00;000:20:15:00;0;0;1;0;0
356;5;6;8;000:20:07:00;000:21:15:00;0;0;1;0;0
357;5;6;8;000:21:07:00;000:22:15:00;0;0;1;0;0
358;5;6;8;000:22:07:00;000:23:15:00;0;0;1;0;0
359;5;6;8;000:23:07:00;001:00:15:00;0;0;1;0;0
360;5;8;6;000:06:07:00;000:07:35:00;0;0;1;0;0
361;5;8;6;000:06:27:00;000:07:55:00;0;0;1;0;0
362;5;8;6;000:06:47:00;000:08:15:00;0;0;1;0;0
363;5;8;6;000:07:07:00;000:08:35:00;0;0;1;0;0
364;5;8;6;000:07:27:00;000:08:55:00;0;0;1;0;0
365;5;8;6;000:07:47:00;000:09:15:00;0;0;1;0;0
366;5;8;6;000:08:07:00;000:09:35:00;0;0;1;0;0
367;5;8;6;000:08:27:00;000:09:55:00;0;0;1;0;0
368;5;8;6;000:08:47:00;000:10:15:00;0;0;1;0;0
369;5;8;6;000:09:07:00;000:10:20:00;0;0;1;0;0
370;5;8;6;000:09:37:00;000:10:50:00;0;0;1;0;0
371;5;8;6;000:10:07:00;000:11:20:00;0;0;1;0;0
372;5;8;6;000:10:37:00;000:11:50:00;0;0;1;0;0
373;5;8;6;000:11:07:00;000:12:20:00;0;0;1;0;0
374;5;8;6;000:11:37:00;000:12:50:00;0;0;1;0;0
375;5;8;6;000:12:07:00;000:13:20:00;0;0;1;0;0
376;5;8;6;000:12:37:00;000:13:50:00;0;0;1;0;0
377;5;8;6;000:13:07:00;000:14:23:00;0;0;1;0;0
378;5;8;6;000:13:27:00;000:14:43:00;0;0;1;0;0
379;5;8;6;000:13:47:00;000:15:03:00;0;0;1;0;0
380;5;8;6;000:14:07:00;000:15:23:00;0;0;1;0;0
381;5;8;6;000:14:27:00;000:15:43:00;0;0;1;0;0
382;5;8;6;000:14:47:00;000:16:03:00;0;0;1;0;0
383;5;8;6;000:15:07:00;000:16:23:00;0;0;1;0;0
384;5;8;6;000:15:27:00;000:16:43:00;0;0;1;0;0
385;5;8;6;000:15:47:00;000:17:03:00;0;0;1;0;0
386;5;8;6;000:16:07:00;000:17:23:00;0;0;1;0;0
387;5;8;6;000:16:27:00;000:17:43:00;0;0;1;0;0
388;5;8;6;000:16:47:00;000:18:03:00;0;0;1;0;0
389;5;8;6;000:17:07:00;000:18:23:00;0;0;1;0;0
390;5;8;6;000:17:27:00;000:18:43:00;0;0;1;0;0
391;5;8;6;000:17:47:00;000:19:03:00;0;0;1;0;0
392;5;8;6;000:18:07:00;000:19:23:00;0;0;1;0;0
393;5;8;6;000:18:27:00;000:19:43:00;0;0;1;0;0
394;5;8;6;000:18:47:00;000:20:03:00;0;0;1;0;0
395;5;8;6;000:19:07:00;000:20:15:00;0;0;1;0;0
396;5;8;6;000:20:07:00;000:21:15:00;0;0;1;0;0
397;5;8;6;000:21:07:00;000:22:15:00;0;0;1;0;0
398;5;8;6;000:22:07:00;000:23:15:00;0;0;1;0;0
399;5;8;6;000:23:07:00;001:00:15:00;0;0;1;0;0
*
* Verbindungen
*
$DEADRUNTIME:FromStopID;ToStopID;FromTime;ToTime;Distance;RunTime
0;0;000:00:00:00;001:12:00:59;0;0
0;1;000:00:00:00;001:12:00:59;20833;1500
0;2;000:00:00:00;001:12:00:59;17500;1260
0;3;000:00:00:00;001:12:00:59;16666;1200
0;4;000:00:00:00;001:12:00:59;26666;1920
0;5;000:00:00:00;001:12:00:59;24166;1740
0;6;000:00:00:00;001:12:00:59;5000;360
0;7;000:00:00:00;001:12:00:59;15000;1080
0;8;000:00:00:00;001:12:00:59;25000;1800
1;0;000:00:00:00;001:12:00:59;20833;1500
1;1;000:00:00:00;001:12:00:59;0;0
1;2;000:00:00:00;001:12:00:59;32500;2340
1;3;000:00:00:00;001:12:00:59;36666;2640
1;4;000:00:00:00;001:12:00:59;6666;480
1;5;000:00:00:00;001:12:00:59;22500;1620
1;6;000:00:00:00;001:12:00:59;24166;1740
1;7;000:00:00:00;001:12:00:59;34166;2460
1;8;000:00:00:00;001:12:00:59;20833;1500
2;0;000:00:00:00;001:12:00:59;17500;1260
2;1;000:00:00:00;001:12:00:59;32500;2340
2;2;000:00:00:00;001:12:00:59;0;0
2;3;000:00:00:00;001:12:00:59;11666;840
2;4;000:00:00:00;001:12:00:59;36666;2640
2;5;000:00:00:00;001:12:00:59;41666;3000
2;6;000:00:00:00;001:12:00:59;20000;1440
2;7;000:00:00:00;001:12:00:59;10000;720
2;8;000:00:00:00;001:12:00:59;24166;1740
3;0;000:00:00:00;001:12:00:59;16666;1200
3;1;000:00:00:00;001:12:00:59;36666;2640
3;2;000:00:00:00;001:12:00:59;11666;840
3;3;000:00:00:00;001:12:00:59;0;0
3;4;000:00:00:00;001:12:00:59;41666;3000
3;5;000:00:00:00;001:12:00:59;38333;2760
3;6;000:00:00:00;001:12:00:59;15833;1140
3;7;000:00:00:00;001:12:00:59;2500;180
3;8;000:00:00:00;001:12:00:59;33333;2400
4;0;000:00:00:00;001:12:00:59;26666;1920
4;1;000:00:00:00;001:12:00:59;6666;480
4;2;000:00:00:00;001:12:00:59;36666;2640
4;3;000:00:00:00;001:12:00:59;41666;3000
4;4;000:00:00:00;001:12:00:59;0;0
4;5;000:00:00:00;001:12:00:59;28333;2040
4;6;000:00:00:00;001:12:00:59;30000;2160
4;7;000:00:00:00;001:12:00:59;40000;2880
4;8;000:00:00:00;001:12:00:59;20000;1440
5;0;000:00:00:00;001:12:00:59;24166;1740
5;1;000:00:00:00;001:12:00:59;22500;1620
5;2;000:00:00:00;001:12:00:59;41666;3000
5;3;000:00:00:00;001:12:00:59;38333;2760
5;4;000:00:00:00;001:12:00:59;28333;2040
5;5;000:00:00:00;001:12:00:59;0;0
5;6;000:00:00:00;001:12:00:59;23333;1680
5;7;000:00:00:00;001:12:00:59;37500;2700
5;8;000:00:00:00;001:12:00:59;40833;2940
6;0;000:00:00:00;001:12:00:59;5000;360
6;1;000:00:00:00;001:12:00:59;24166;1740
6;2;000:00:00:00;001:12:00:59;20000;1440
6;3;000:00:00:00;001:12:00:59;15833;1140
6;4;000:00:00:00;001:12:00:59;30000;2160
6;5;000:00:00:00;001:12:00:59;23333;1680
6;6;000:00:00:00;001:12:00:59;0;0
6;7;000:00:00:00;001:12:00:59;15000;1080
6;8;000:00:00:00;001:12:00:59;29166;2100
7;0;000:00:00:00;001:12:00:59;15000;1080
7;1;000:00:00:00;001:12:00:59;34166;2460
7;2;000:00:00:00;001:12:00:59;10000;720
7;3;000:00:00:00;001:12:00:59;2500;180
7;4;000:00:00:00;001:12:00:59;40000;2880
7;5;000:00:00:00;001:12:00:59;37500;2700
7;6;000:00:00:00;001:12:00:59;15000;1080
7;7;000:00:00:00;001:12:00:59;0;0
7;8;000:00:00:00;001:12:00:59;30833;2220
8;0;000:00:00:00;001:12:00:59;25000;1800
8;1;000:00:00:00;001:12:00:59;20833;1500
8;2;000:00:00:00;001:12:00:59;24166;1740
8;3;000:00:00:00;001:12:00:59;33333;2400
8;4;000:00:00:00;001:12:00:59;20000;1440
8;5;000:00:00:00;001:12:00:59;40833;2940
8;6;000:00:00:00;001:12:00:59;29166;2100
8;7;000:00:00:00;001:12:00:59;30833;2220
8;8;000:00:00:00;001:12:00:59;0;0
*
* Abloesepunkte
*
$RELIEFPOINT:ID;ServiceJourneyID;StoppointID;StopTime
0;0;4;000:06:19:00
1;0;5;000:07:42:00
2;1;4;000:06:39:00
3;1;5;000:08:02:00
4;2;4;000:06:59:00
5;2;5;000:08:22:00
6;3;4;000:07:19:00
7;3;5;000:08:42:00
8;4;4;000:07:39:00
9;4;5;000:09:02:00
10;5;4;000:07:59:00
11;5;5;000:09:22:00
12;6;4;000:08:19:00
13;6;5;000:09:42:00
14;7;4;000:08:39:00
15;7;5;000:10:02:00
16;8;4;000:08:59:00
17;8;5;000:10:22:00
18;9;4;000:09:19:00
19;9;5;000:10:28:00
20;10;4;000:09:49:00
21;10;5;000:10:58:00
22;11;4;000:10:19:00
23;11;5;000:11:28:00
24;12;4;000:10:49:00
25;12;5;000:11:58:00
26;13;4;000:11:19:00
27;13;5;000:12:28:00
28;14;4;000:11:49:00
29;14;5;000:12:58:00
30;15;4;000:12:19:00
31;15;5;000:13:28:00
32;16;4;000:12:49:00
33;16;5;000:13:58:00
34;17;4;000:13:19:00
35;17;5;000:14:31:00
36;18;4;000:13:39:00
37;18;5;000:14:51:00
38;19;4;000:13:59:00
39;19;5;000:15:11:00
40;20;4;000:14:19:00
41;20;5;000:15:31:00
42;21;4;000:14:39:00
43;21;5;000:15:51:00
44;22;4;000:14:59:00
45;22;5;000:16:11:00
46;23;4;000:15:19:00
47;23;5;000:16:31:00
48;24;4;000:15:39:00
49;24;5;000:16:51:00
50;25;4;000:15:59:00
51;25;5;000:17:11:00
52;26;4;000:16:19:00
53;26;5;000:17:31:00
54;27;4;000:16:39:00
55;27;5;000:17:51:00
56;28;4;000:16:59:00
57;28;5;000:18:11:00
58;29;4;000:17:19:00
59;29;5;000:18:31:00
60;30;4;000:17:39:00
61;30;5;000:18:51:00
62;31;4;000:17:59:00
63;31;5;000:19:11:00
64;32;4;000:18:19:00
65;32;5;000:19:31:00
66;33;4;000:18:39:00
67;33;5;000:19:51:00
68;34;4;000:18:59:00
69;34;5;000:20:11:00
70;35;4;000:19:19:00
71;35;5;000:20:23:00
72;36;4;000:20:19:00
73;36;5;000:21:23:00
74;37;4;000:21:19:00
75;37;5;000:22:23:00
76;38;4;000:22:19:00
77;38;5;000:23:23:00
78;39;4;000:23:19:00
79;39;5;001:00:23:00
80;40;5;000:06:11:00
81;40;4;000:07:34:00
82;41;5;000:06:31:00
83;41;4;000:07:54:00
84;42;5;000:06:51:00
85;42;4;000:08:14:00
86;43;5;000:07:11:00
87;43;4;000:08:34:00
88;44;5;000:07:31:00
89;44;4;000:08:54:00
90;45;5;000:07:51:00
91;45;4;000:09:14:00
92;46;5;000:08:11:00
93;46;4;000:09:34:00
94;47;5;000:08:31:00
95;47;4;000:09:54:00
96;48;5;000:08:51:00
97;48;4;000:10:14:00
98;49;5;000:09:11:00
99;49;4;000:10:20:00
100;50;5;000:09:41:00
101;50;4;000:10:50:00
102;51;5;000:10:11:00
103;51;4;000:11:20:00
104;52;5;000:10:41:00
105;52;4;000:11:50:00
106;53;5;000:11:11:00
107;53;4;000:12:20:00
108;54;5;000:11:41:00
109;54;4;000:12:50:00
110;55;5;000:12:11:00
111;55;4;000:13:20:00
112;56;5;000:12:41:00
113;56;4;000:13:50:00
114;57;5;000:13:11:00
115;57;4;000:14:23:00
116;58;5;000:13:31:00
117;58;4;000:14:43:00
118;59;5;000:13:51:00
119;59;4;000:15:03:00
120;60;5;000:14:11:00
121;60;4;000:15:23:00
122;61;5;000:14:31:00
123;61;4;000:15:43:00
124;62;5;000:14:51:00
125;62;4;000:16:03:00
126;63;5;000:15:11:00
127;63;4;000:16:23:00
128;64;5;000:15:31:00
129;64;4;000:16:43:00
130;65;5;000:15:51:00
131;65;4;000:17:03:00
132;66;5;000:16:11:00
133;66;4;000:17:23:00
134;67;5;000:16:31:00
135;67;4;000:17:43:00
136;68;5;000:16:51:00
137;68;4;000:18:03:00
138;69;5;000:17:11:00
139;69;4;000:18:23:00
140;70;5;000:17:31:00
141;70;4;000:18:43:00
142;71;5;000:17:51:00
143;71;4;000:19:03:00
144;72;5;000:18:11:00
145;72;4;000:19:23:00
146;73;5;000:18:31:00
147;73;4;000:19:43:00
148;74;5;000:18:51:00
149;74;4;000:20:03:00
150;75;5;000:19:11:00
151;75;4;000:20:15:00
152;76;5;000:20:11:00
153;76;4;000:21:15:00
154;77;5;000:21:11:00
155;77;4;000:22:15:00
156;78;5;000:22:11:00
157;78;4;000:23:15:00
158;79;5;000:23:11:00
159;79;4;001:00:15:00
160;80;4;000:06:03:00
161;80;6;000:07:32:00
162;81;4;000:06:23:00
163;81;6;000:07:52:00
164;82;4;000:06:43:00
165;82;6;000:08:12:00
166;83;4;000:07:03:00
167;83;6;000:08:32:00
168;84;4;000:07:23:00
169;84;6;000:08:52:00
170;85;4;000:07:43:00
171;85;6;000:09:12:00
172;86;4;000:08:03:00
173;86;6;000:09:32:00
174;87;4;000:08:23:00
175;87;6;000:09:52:00
176;88;4;000:08:43:00
177;88;6;000:10:12:00
178;89;4;000:09:03:00
179;89;6;000:10:17:00
180;90;4;000:09:33:00
181;90;6;000:10:47:00
182;91;4;000:10:03:00
183;91;6;000:11:17:00
184;92;4;000:10:33:00
185;92;6;000:11:47:00
186;93;4;000:11:03:00
187;93;6;000:12:17:00
188;94;4;000:11:33:00
189;94;6;000:12:47:00
190;95;4;000:12:03:00
191;95;6;000:13:17:00
192;96;4;000:12:33:00
193;96;6;000:13:47:00
194;97;4;000:13:03:00
195;97;6;000:14:21:00
196;98;4;000:13:23:00
197;98;6;000:14:41:00
198;99;4;000:13:43:00
199;99;6;000:15:01:00
200;100;4;000:14:03:00
201;100;6;000:15:21:00
202;101;4;000:14:23:00
203;101;6;000:15:41:00
204;102;4;000:14:43:00
205;102;6;000:16:01:00
206;103;4;000:15:03:00
207;103;6;000:16:21:00
208;104;4;000:15:23:00
209;104;6;000:16:41:00
210;105;4;000:15:43:00
211;105;6;000:17:01:00
212;106;4;000:16:03:00
213;106;6;000:17:21:00
214;107;4;000:16:23:00
215;107;6;000:17:41:00
216;108;4;000:16:43:00
217;108;6;000:18:01:00
218;109;4;000:17:03:00
219;109;6;000:18:21:00
220;110;4;000:17:23:00
221;110;6;000:18:41:00
222;111;4;000:17:43:00
223;111;6;000:19:01:00
224;112;4;000:18:03:00
225;112;6;000:19:21:00
226;113;4;000:18:23:00
227;113;6;000:19:41:00
228;114;4;000:18:43:00
229;114;6;000:20:01:00
230;115;4;000:19:03:00
231;115;6;000:20:12:00
232;116;4;000:20:03:00
233;116;6;000:21:12:00
234;117;4;000:21:03:00
235;117;6;000:22:12:00
236;118;4;000:22:03:00
237;118;6;000:23:12:00
238;119;4;000:23:03:00
239;119;6;001:00:12:00
240;120;6;000:06:18:00
241;120;4;000:07:47:00
242;121;6;000:06:38:00
243;121;4;000:08:07:00
244;122;6;000:06:58:00
245;122;4;000:08:27:00
246;123;6;000:07:18:00
247;123;4;000:08:47:00
248;124;6;000:07:38:00
249;124;4;000:09:07:00
250;125;6;000:07:58:00
251;125;4;000:09:27:00
252;126;6;000:08:18:00
253;126;4;000:09:47:00
254;127;6;000:08:38:00
255;127;4;000:10:07:00
256;128;6;000:08:58:00
257;128;4;000:10:27:00
258;129;6;000:09:18:00
259;129;4;000:10:32:00
260;130;6;000:09:48:00
261;130;4;000:11:02:00
262;131;6;000:10:18:00
263;131;4;000:11:32:00
264;132;6;000:10:48:00
265;132;4;000:12:02:00
266;133;6;000:11:18:00
267;133;4;000:12:32:00
268;134;6;000:11:48:00
269;134;4;000:13:02:00
270;135;6;000:12:18:00
271;135;4;000:13:32:00
272;136;6;000:12:48:00
273;136;4;000:14:02:00
274;137;6;000:13:18:00
275;137;4;000:14:36:00
276;138;6;000:13:38:00
277;138;4;000:14:56:00
278;139;6;000:13:58:00
279;139;4;000:15:16:00
280;140;6;000:14:18:00
281;140;4;000:15:36:00
282;141;6;000:14:38:00
283;141;4;000:15:56:00
284;142;6;000:14:58:00
285;142;4;000:16:16:00
286;143;6;000:15:18:00
287;143;4;000:16:36:00
288;144;6;000:15:38:00
289;144;4;000:16:56:00
290;145;6;000:15:58:00
291;145;4;000:17:16:00
292;146;6;000:16:18:00
293;146;4;000:17:36:00
294;147;6;000:16:38:00
295;147;4;000:17:56:00
296;148;6;000:16:58:00
297;148;4;000:18:16:00
298;149;6;000:17:18:00
299;149;4;000:18:36:00
300;150;6;000:17:38:00
301;150;4;000:18:56:00
302;151;6;000:17:58:00
303;151;4;000:19:16:00
304;152;6;000:18:18:00
305;152;4;000:19:36:00
306;153;6;000:18:38:00
307;153;4;000:19:56:00
308;154;6;000:18:58:00
309;154;4;000:20:16:00
310;155;6;000:19:18:00
311;155;4;000:20:27:00
312;156;6;000:20:18:00
313;156;4;000:21:27:00
314;157;6;000:21:18:00
315;157;4;000:22:27:00
316;158;6;000:22:18:00
317;158;4;000:23:27:00
318;159;6;000:23:18:00
319;159;4;001:00:27:00
320;160;4;000:06:14:00
321;160;7;000:08:12:00
322;161;4;000:06:34:00
323;161;7;000:08:32:00
324;162;4;000:06:54:00
325;162;7;000:08:52:00
326;163;4;000:07:14:00
327;163;7;000:09:12:00
328;164;4;000:07:34:00
329;164;7;000:09:32:00
330;165;4;000:07:54:00
331;165;7;000:09:52:00
332;166;4;000:08:14:00
333;166;7;000:10:12:00
334;167;4;000:08:34:00
335;167;7;000:10:32:00
336;168;4;000:08:54:00
337;168;7;000:10:52:00
338;169;4;000:09:14:00
339;169;7;000:10:53:00
340;170;4;000:09:44:00
341;170;7;000:11:23:00
342;171;4;000:10:14:00
343;171;7;000:11:53:00
344;172;4;000:10:44:00
345;172;7;000:12:23:00
346;173;4;000:11:14:00
347;173;7;000:12:53:00
348;174;4;000:11:44:00
349;174;7;000:13:23:00
350;175;4;000:12:14:00
351;175;7;000:13:53:00
352;176;4;000:12:44:00
353;176;7;000:14:23:00
354;177;4;000:13:14:00
355;177;7;000:14:57:00
356;178;4;000:13:34:00
357;178;7;000:15:17:00
358;179;4;000:13:54:00
359;179;7;000:15:37:00
360;180;4;000:14:14:00
361;180;7;000:15:57:00
362;181;4;000:14:34:00
363;181;7;000:16:17:00
364;182;4;000:14:54:00
365;182;7;000:16:37:00
366;183;4;000:15:14:00
367;183;7;000:16:57:00
368;184;4;000:15:34:00
369;184;7;000:17:17:00
370;185;4;000:15:54:00
371;185;7;000:17:37:00
372;186;4;000:16:14:00
373;186;7;000:17:57:00
374;187;4;000:16:34:00
375;187;7;000:18:17:00
376;188;4;000:16:54:00
377;188;7;000:18:37:00
378;189;4;000:17:14:00
379;189;7;000:18:57:00
380;190;4;000:17:34:00
381;190;7;000:19:17:00
382;191;4;000:17:54:00
383;191;7;000:19:37:00
384;192;4;000:18:14:00
385;192;7;000:19:57:00
386;193;4;000:18:34:00
387;193;7;000:20:17:00
388;194;4;000:18:54:00
389;194;7;000:20:37:00
390;195;4;000:19:14:00
391;195;7;000:20:45:00
392;196;4;000:20:14:00
393;196;7;000:21:45:00
394;197;4;000:21:14:00
395;197;7;000:22:45:00
396;198;4;000:22:14:00
397;198;7;000:23:45:00
398;199;4;000:23:14:00
399;199;7;001:00:45:00
400;200;7;000:06:04:00
401;200;4;000:08:02:00
402;201;7;000:06:24:00
403;201;4;000:08:22:00
404;202;7;000:06:44:00
405;202;4;000:08:42:00
406;203;7;000:07:04:00
407;203;4;000:09:02:00
408;204;7;000:07:24:00
409;204;4;000:09:22:00
410;205;7;000:07:44:00
411;205;4;000:09:42:00
412;206;7;000:08:04:00
413;206;4;000:10:02:00
414;207;7;000:08:24:00
415;207;4;000:10:22:00
416;208;7;000:08:44:00
417;208;4;000:10:42:00
418;209;7;000:09:04:00
419;209;4;000:10:43:00
420;210;7;000:09:34:00
421;210;4;000:11:13:00
422;211;7;000:10:04:00
423;211;4;000:11:43:00
424;212;7;000:10:34:00
425;212;4;000:12:13:00
426;213;7;000:11:04:00
427;213;4;000:12:43:00
428;214;7;000:11:34:00
429;214;4;000:13:13:00
430;215;7;000:12:04:00
431;215;4;000:13:43:00
432;216;7;000:12:34:00
433;216;4;000:14:13:00
434;217;7;000:13:04:00
435;217;4;000:14:47:00
436;218;7;000:13:24:00
437;218;4;000:15:07:00
438;219;7;000:13:44:00
439;219;4;000:15:27:00
440;220;7;000:14:04:00
441;220;4;000:15:47:00
442;221;7;000:14:24:00
443;221;4;000:16:07:00
444;222;7;000:14:44:00
445;222;4;000:16:27:00
446;223;7;000:15:04:00
447;223;4;000:16:47:00
448;224;7;000:15:24:00
449;224;4;000:17:07:00
450;225;7;000:15:44:00
451;225;4;000:17:27:00
452;226;7;000:16:04:00
453;226;4;000:17:47:00
454;227;7;000:16:24:00
455;227;4;000:18:07:00
456;228;7;000:16:44:00
457;228;4;000:18:27:00
458;229;7;000:17:04:00
459;229;4;000:18:47:00
460;230;7;000:17:24:00
461;230;4;000:19:07:00
462;231;7;000:17:44:00
463;231;4;000:19:27:00
464;232;7;000:18:04:00
465;232;4;000:19:47:00
466;233;7;000:18:24:00
467;233;4;000:20:07:00
468;234;7;000:18:44:00
469;234;4;000:20:27:00
470;235;7;000:19:04:00
471;235;4;000:20:35:00
472;236;7;000:20:04:00
473;236;4;000:21:35:00
474;237;7;000:21:04:00
475;237;4;000:22:35:00
476;238;7;000:22:04:00
477;238;4;000:23:35:00
478;239;7;000:23:04:00
479;239;4;001:00:35:00
480;240;5;000:06:16:00
481;240;6;000:07:25:00
482;241;5;000:06:36:00
483;241;6;000:07:45:00
484;242;5;000:06:56:00
485;242;6;000:08:05:00
486;243;5;000:07:16:00
487;243;6;000:08:25:00
488;244;5;000:07:36:00
489;244;6;000:08:45:00
490;245;5;000:07:56:00
491;245;6;000:09:05:00
492;246;5;000:08:16:00
493;246;6;000:09:25:00
494;247;5;000:08:36:00
495;247;6;000:09:45:00
496;248;5;000:08:56:00
497;248;6;000:10:05:00
498;249;5;000:09:16:00
499;249;6;000:10:14:00
500;250;5;000:09:46:00
501;250;6;000:10:44:00
502;251;5;000:10:16:00
503;251;6;000:11:14:00
504;252;5;000:10:46:00
505;252;6;000:11:44:00
506;253;5;000:11:16:00
507;253;6;000:12:14:00
508;254;5;000:11:46:00
509;254;6;000:12:44:00
510;255;5;000:12:16:00
511;255;6;000:13:14:00
512;256;5;000:12:46:00
513;256;6;000:13:44:00
514;257;5;000:13:16:00
515;257;6;000:14:16:00
516;258;5;000:13:36:00
517;258;6;000:14:36:00
518;259;5;000:13:56:00
519;259;6;000:14:56:00
520;260;5;000:14:16:00
521;260;6;000:15:16:00
522;261;5;000:14:36:00
523;261;6;000:15:36:00
524;262;5;000:14:56:00
525;262;6;000:15:56:00
526;263;5;000:15:16:00
527;263;6;000:16:16:00
528;264;5;000:15:36:00
529;264;6;000:16:36:00
530;265;5;000:15:56:00
531;265;6;000:16:56:00
532;266;5;000:16:16:00
533;266;6;000:17:16:00
534;267;5;000:16:36:00
535;267;6;000:17:36:00
536;268;5;000:16:56:00
537;268;6;000:17:56:00
538;269;5;000:17:16:00
539;269;6;000:18:16:00
540;270;5;000:17:36:00
541;270;6;000:18:36:00
542;271;5;000:17:56:00
543;271;6;000:18:56:00
544;272;5;000:18:16:00
545;272;6;000:19:16:00
546;273;5;000:18:36:00
547;273;6;000:19:36:00
548;274;5;000:18:56:00
549;274;6;000:19:56:00
550;275;5;000:19:16:00
551;275;6;000:20:09:00
552;276;5;000:20:16:00
553;276;6;000:21:09:00
554;277;5;000:21:16:00
555;277;6;000:22:09:00
556;278;5;000:22:16:00
557;278;6;000:23:09:00
558;279;5;000:23:16:00
559;279;6;001:00:09:00
560;280;6;000:06:13:00
561;280;5;000:07:22:00
562;281;6;000:06:33:00
563;281;5;000:07:42:00
564;282;6;000:06:53:00
565;282;5;000:08:02:00
566;283;6;000:07:13:00
567;283;5;000:08:22:00
568;284;6;000:07:33:00
569;284;5;000:08:42:00
570;285;6;000:07:53:00
571;285;5;000:09:02:00
572;286;6;000:08:13:00
573;286;5;000:09:22:00
574;287;6;000:08:33:00
575;287;5;000:09:42:00
576;288;6;000:08:53:00
577;288;5;000:10:02:00
578;289;6;000:09:13:00
579;289;5;000:10:11:00
580;290;6;000:09:43:00
581;290;5;000:10:41:00
582;291;6;000:10:13:00
583;291;5;000:11:11:00
584;292;6;000:10:43:00
585;292;5;000:11:41:00
586;293;6;000:11:13:00
587;293;5;000:12:11:00
588;294;6;000:11:43:00
589;294;5;000:12:41:00
590;295;6;000:12:13:00
591;295;5;000:13:11:00
592;296;6;000:12:43:00
593;296;5;000:13:41:00
594;297;6;000:13:13:00
595;297;5;000:14:13:00
596;298;6;000:13:33:00
597;298;5;000:14:33:00
598;299;6;000:13:53:00
599;299;5;000:14:53:00
600;300;6;000:14:13:00
601;300;5;000:15:13:00
602;301;6;000:14:33:00
603;301;5;000:15:33:00
604;302;6;000:14:53:00
605;302;5;000:15:53:00
606;303;6;000:15:13:00
607;303;5;000:16:13:00
608;304;6;000:15:33:00
609;304;5;000:16:33:00
610;305;6;000:15:53:00
611;305;5;000:16:53:00
612;306;6;000:16:13:00
613;306;5;000:17:13:00
614;307;6;000:16:33:00
615;307;5;000:17:33:00
616;308;6;000:16:53:00
617;308;5;000:17:53:00
618;309;6;000:17:13:00
619;309;5;000:18:13:00
620;310;6;000:17:33:00
621;310;5;000:18:33:00
622;311;6;000:17:53:00
623;311;5;000:18:53:00
624;312;6;000:18:13:00
625;312;5;000:19:13:00
626;313;6;000:18:33:00
627;313;5;000:19:33:00
628;314;6;000:18:53:00
629;314;5;000:19:53:00
630;315;6;000:19:13:00
631;315;5;000:20:06:00
632;316;6;000:20:13:00
633;316;5;000:21:06:00
634;317;6;000:21:13:00
635;317;5;000:22:06:00
636;318;6;000:22:13:00
637;318;5;000:23:06:00
638;319;6;000:23:13:00
639;319;5;001:00:06:00
640;320;6;000:06:07:00
641;320;8;000:07:35:00
642;321;6;000:06:27:00
643;321;8;000:07:55:00
644;322;6;000:06:47:00
645;322;8;000:08:15:00
646;323;6;000:07:07:00
647;323;8;000:08:35:00
648;324;6;000:07:27:00
649;324;8;000:08:55:00
650;325;6;000:07:47:00
651;325;8;000:09:15:00
652;326;6;000:08:07:00
653;326;8;000:09:35:00
654;327;6;000:08:27:00
655;327;8;000:09:55:00
656;328;6;000:08:47:00
657;328;8;000:10:15:00
658;329;6;000:09:07:00
659;329;8;000:10:20:00
660;330;6;000:09:37:00
661;330;8;000:10:50:00
662;331;6;000:10:07:00
663;331;8;000:11:20:00
664;332;6;000:10:37:00
665;332;8;000:11:50:00
666;333;6;000:11:07:00
667;333;8;000:12:20:00
668;334;6;000:11:37:00
669;334;8;000:12:50:00
670;335;6;000:12:07:00
671;335;8;000:13:20:00
672;336;6;000:12:37:00
673;336;8;000:13:50:00
674;337;6;000:13:07:00
675;337;8;000:14:23:00
676;338;6;000:13:27:00
677;338;8;000:14:43:00
678;339;6;000:13:47:00
679;339;8;000:15:03:00
680;340;6;000:14:07:00
681;340;8;000:15:23:00
682;341;6;000:14:27:00
683;341;8;000:15:43:00
684;342;6;000:14:47:00
685;342;8;000:16:03:00
686;343;6;000:15:07:00
687;343;8;000:16:23:00
688;344;6;000:15:27:00
689;344;8;000:16:43:00
690;345;6;000:15:47:00
691;345;8;000:17:03:00
692;346;6;000:16:07:00
693;346;8;000:17:23:00
694;347;6;000:16:27:00
695;347;8;000:17:43:00
696;348;6;000:16:47:00
697;348;8;000:18:03:00
698;349;6;000:17:07:00
699;349;8;000:18:23:00
700;350;6;000:17:27:00
701;350;8;000:18:43:00
702;351;6;000:17:47:00
703;351;8;000:19:03:00
704;352;6;000:18:07:00
705;352;8;000:19:23:00
706;353;6;000:18:27:00
707;353;8;000:19:43:00
708;354;6;000:18:47:00
709;354;8;000:20:03:00
710;355;6;000:19:07:00
711;355;8;000:20:15:00
712;356;6;000:20:07:00
713;356;8;000:21:15:00
714;357;6;000:21:07:00
715;357;8;000:22:15:00
716;358;6;000:22:07:00
717;358;8;000:23:15:00
718;359;6;000:23:07:00
719;359;8;001:00:15:00
720;360;8;000:06:07:00
721;360;6;000:07:35:00
722;361;8;000:06:27:00
723;361;6;000:07:55:00
724;362;8;000:06:47:00
725;362;6;000:08:15:00
726;363;8;000:07:07:00
727;363;6;000:08:35:00
728;364;8;000:07:27:00
729;364;6;000:08:55:00
730;365;8;000:07:47:00
731;365;6;000:09:15:00
732;366;8;000:08:07:00
733;366;6;000:09:35:00
734;367;8;000:08:27:00
735;367;6;000:09:55:00
736;368;8;000:08:47:00
737;368;6;000:10:15:00
738;369;8;000:09:07:00
739;369;6;000:10:20:00
740;370;8;000:09:37:00
741;370;6;000:10:50:00
742;371;8;000:10:07:00
743;371;6;000:11:20:00
744;372;8;000:10:37:00
745;372;6;000:11:50:00
746;373;8;000:11:07:00
747;373;6;000:12:20:00
748;374;8;000:11:37:00
749;374;6;000:12:50:00
750;375;8;000:12:07:00
751;375;6;000:13:20:00
752;376;8;000:12:37:00
753;376;6;000:13:50:00
754;377;8;000:13:07:00
755;377;6;000:14:23:00
756;378;8;000:13:27:00
757;378;6;000:14:43:00
758;379;8;000:13:47:00
759;379;6;000:15:03:00
760;380;8;000:14:07:00
761;380;6;000:15:23:00
762;381;8;000:14:27:00
763;381;6;000:15:43:00
764;382;8;000:14:47:00
765;382;6;000:16:03:00
766;383;8;000:15:07:00
767;383;6;000:16:23:00
768;384;8;000:15:27:00
769;384;6;000:16:43:00
770;385;8;000:15:47:00
771;385;6;000:17:03:00
772;386;8;000:16:07:00
773;386;6;000:17:23:00
774;387;8;000:16:27:00
775;387;6;000:17:43:00
776;388;8;000:16:47:00
777;388;6;000:18:03:00
778;389;8;000:17:07:00
779;389;6;000:18:23:00
780;390;8;000:17:27:00
781;390;6;000:18:43:00
782;391;8;000:17:47:00
783;391;6;000:19:03:00
784;392;8;000:18:07:00
785;392;6;000:19:23:00
786;393;8;000:18:27:00
787;393;6;000:19:43:00
788;394;8;000:18:47:00
789;394;6;000:20:03:00
790;395;8;000:19:07:00
791;395;6;000:20:15:00
792;396;8;000:20:07:00
793;396;6;000:21:15:00
794;397;8;000:21:07:00
795;397;6;000:22:15:00
796;398;8;000:22:07:00
797;398;6;000:23:15:00
798;399;8;000:23:07:00
799;399;6;001:00:15:00
*
* Fusswegverbindungen
*
$WALKRUNTIME:FromStopID;ToStopID;FromTime;ToTime;RunTime
0;0;-006:-19:-42:00;008:02:30:00;0
0;1;-006:-19:-42:00;008:02:30:00;21000
0;2;-006:-19:-42:00;008:02:30:00;21000
0;3;-006:-19:-42:00;008:02:30:00;21000
0;4;-006:-19:-42:00;008:02:30:00;21000
0;5;-006:-19:-42:00;008:02:30:00;21000
0;6;-006:-19:-42:00;008:02:30:00;21000
0;7;-006:-19:-42:00;008:02:30:00;21000
0;8;-006:-19:-42:00;008:02:30:00;21000
1;0;-006:-19:-42:00;008:02:30:00;21000
1;1;-006:-19:-42:00;008:02:30:00;0
1;2;-006:-19:-42:00;008:02:30:00;21000
1;3;-006:-19:-42:00;008:02:30:00;21000
1;4;-006:-19:-42:00;008:02:30:00;21000
1;5;-006:-19:-42:00;008:02:30:00;21000
1;6;-006:-19:-42:00;008:02:30:00;21000
1;7;-006:-19:-42:00;008:02:30:00;21000
1;8;-006:-19:-42:00;008:02:30:00;21000
2;0;-006:-19:-42:00;008:02:30:00;21000
2;1;-006:-19:-42:00;008:02:30:00;21000
2;2;-006:-19:-42:00;008:02:30:00;0
2;3;-006:-19:-42:00;008:02:30:00;21000
2;4;-006:-19:-42:00;008:02:30:00;21000
2;5;-006:-19:-42:00;008:02:30:00;21000
2;6;-006:-19:-42:00;008:02:30:00;21000
2;7;-006:-19:-42:00;008:02:30:00;21000
2;8;-006:-19:-42:00;008:02:30:00;21000
3;0;-006:-19:-42:00;008:02:30:00;21000
3;1;-006:-19:-42:00;008:02:30:00;21000
3;2;-006:-19:-42:00;008:02:30:00;21000
3;3;-006:-19:-42:00;008:02:30:00;0
3;4;-006:-19:-42:00;008:02:30:00;21000
3;5;-006:-19:-42:00;008:02:30:00;21000
3;6;-006:-19:-42:00;008:02:30:00;21000
3;7;-006:-19:-42:00;008:02:30:00;21000
3;8;-006:-19:-42:00;008:02:30:00;21000
4;0;-006:-19:-42:00;008:02:30:00;21000
4;1;-006:-19:-42:00;008:02:30:00;21000
4;2;-006:-19:-42:00;008:02:30:00;21000
4;3;-006:-19:-42:00;008:02:30:00;21000
4;4;-006:-19:-42:00;008:02:30:00;0
4;5;-006:-19:-42:00;008:02:30:00;21000
4;6;-006:-19:-42:00;008:02:30:00;21000
4;7;-006:-19:-42:00;008:02:30:00;21000
4;8;-006:-19:-42:00;008:02:30:00;21000
5;0;-006:-19:-42:00;008:02:30:00;21000
5;1;-006:-19:-42:00;008:02:30:00;21000
5;2;-006:-19:-42:00;008:02:30:00;21000
5;3;-006:-19:-42:00;008:02:30:00;20580
5;4;-006:-19:-42:00;008:02:30:00;20580
5;5;-006:-19:-42:00;008:02:30:00;0
5;6;-006:-19:-42:00;008:02:30:00;20580
5;7;-006:-19:-42:00;008:02:30:00;20580
5;8;-006:-19:-42:00;008:02:30:00;20580
6;0;-006:-19:-42:00;008:02:30:00;20580
6;1;-006:-19:-42:00;008:02:30:00;20580
6;2;-006:-19:-42:00;008:02:30:00;20580
6;3;-006:-19:-42:00;008:02:30:00;20580
6;4;-006:-19:-42:00;008:02:30:00;20580
6;5;-006:-19:-42:00;008:02:30:00;20580
6;6;-006:-19:-42:00;008:02:30:00;0
6;7;-006:-19:-42:00;008:02:30:00;20580
6;8;-006:-19:-42:00;008:02:30:00;20580
7;0;-006:-19:-42:00;008:02:30:00;20580
7;1;-006:-19:-42:00;008:02:30:00;20580
7;2;-006:-19:-42:00;008:02:30:00;20580
7;3;-006:-19:-42:00;008:02:30:00;20580
7;4;-006:-19:-42:00;008:02:30:00;20580
7;5;-006:-19:-42:00;008:02:30:00;20580
7;6;-006:-19:-42:00;008:02:30:00;20580
7;7;-006:-19:-42:00;008:02:30:00;0
7;8;-006:-19:-42:00;008:02:30:00;20580
8;0;-006:-19:-42:00;008:02:30:00;20580
8;1;-006:-19:-42:00;008:02:30:00;20580
8;2;-006:-19:-42:00;008:02:30:00;20580
8;3;-006:-19:-42:00;008:02:30:00;20580
8;4;-006:-19:-42:00;008:02:30:00;20580
8;5;-006:-19:-42:00;008:02:30:00;20580
8;6;-006:-19:-42:00;008:02:30:00;15540
8;7;-006:-19:-42:00;008:02:30:00;15540
8;8;-006:-19:-42:00;008:02:30:00;0
*
