* Haltestellen
*
$STOPPOINT:ID;Code;Name
0;0;0
1;1;1
2;2;2
3;3;3
4;4;4
5;5;5
6;6;6
7;7;7
8;8;8
*
* Linien
*
$LINE:ID;Code;Name
1;1;1
2;2;2
3;3;3
4;4;4
5;5;5
6;6;6
7;7;7
8;8;8
9;9;9
10;10;10
*
* Fahrzeugtypen
*
$VEHICLETYPE:ID;Code;Name;VehCost;KmCost;HourCost;Capacity
1;1;1;1000;0;60;1000
*
* FahrzeugtypGruppen
*
$VEHICLETYPEGROUP:ID;Code;Name
1;1;1
*
* FahrzeugtypZuFahrzeugtypGruppe
*
$VEHTYPETOVEHTYPEGROUP:VehTypeID;VehTypeGroupID
1;1
*
* FahrzeugKapazitaetenZuHaltestelle
*
$VEHTYPECAPTOSTOPPOINT:VehTypeID;StoppointID;Min;Max
1;3;0;1000
*
* Linienfahrten
*
$SERVICEJOURNEY:ID;LineID;FromStopID;ToStopID;DepTime;ArrTime;MinAheadTime;MinLayoverTime;VehTypeGroupID;MaxShiftBackwardSeconds;MaxShiftForwardSeconds
0;1;4;5;000:06:16:00;000:06:46:00;0;0;1;0;0
1;1;4;5;000:06:36:00;000:07:06:00;0;0;1;0;0
2;1;4;5;000:06:56:00;000:07:26:00;0;0;1;0;0
3;1;4;5;000:07:16:00;000:07:46:00;0;0;1;0;0
4;1;4;5;000:07:36:00;000:08:06:00;0;0;1;0;0
5;1;4;5;000:07:56:00;000:08:26:00;0;0;1;0;0
6;1;4;5;000:08:16:00;000:08:46:00;0;0;1;0;0
7;1;4;5;000:08:36:00;000:09:06:00;0;0;1;0;0
8;1;4;5;000:08:56:00;000:09:26:00;0;0;1;0;0
9;1;4;5;000:09:16:00;000:09:42:00;0;0;1;0;0
10;1;4;5;000:09:46:00;000:10:12:00;0;0;1;0;0
11;1;4;5;000:10:16:00;000:10:42:00;0;0;1;0;0
12;1;4;5;000:10:46:00;000:11:12:00;0;0;1;0;0
13;1;4;5;000:11:16:00;000:11:42:00;0;0;1;0;0
14;1;4;5;000:11:46:00;000:12:12:00;0;0;1;0;0
15;1;4;5;000:12:16:00;000:12:42:00;0;0;1;0;0
16;1;4;5;000:12:46:00;000:13:12:00;0;0;1;0;0
17;1;4;5;000:13:16:00;000:13:44:00;0;0;1;0;0
18;1;4;5;000:13:36:00;000:14:04:00;0;0;1;0;0
19;1;4;5;000:13:56:00;000:14:24:00;0;0;1;0;0
20;1;4;5;000:14:16:00;000:14:44:00;0;0;1;0;0
21;1;4;5;000:14:36:00;000:15:04:00;0;0;1;0;0
22;1;4;5;000:14:56:00;000:15:24:00;0;0;1;0;0
23;1;4;5;000:15:16:00;000:15:44:00;0;0;1;0;0
24;1;4;5;000:15:36:00;000:16:04:00;0;0;1;0;0
25;1;4;5;000:15:56:00;000:16:24:00;0;0;1;0;0
26;1;4;5;000:16:16:00;000:16:44:00;0;0;1;0;0
27;1;4;5;000:16:36:00;000:17:04:00;0;0;1;0;0
28;1;4;5;000:16:56:00;000:17:24:00;0;0;1;0;0
29;1;4;5;000:17:16:00;000:17:44:00;0;0;1;0;0
30;1;4;5;000:17:36:00;000:18:04:00;0;0;1;0;0
31;1;4;5;000:17:56:00;000:18:24:00;0;0;1;0;0
32;1;4;5;000:18:16:00;000:18:44:00;0;0;1;0;0
33;1;4;5;000:18:36:00;000:19:04:00;0;0;1;0;0
34;1;4;5;000:18:56:00;000:19:24:00;0;0;1;0;0
35;1;4;5;000:19:16:00;000:19:40:00;0;0;1;0;0
36;1;4;5;000:20:16:00;000:20:40:00;0;0;1;0;0
37;1;4;5;000:21:16:00;000:21:40:00;0;0;1;0;0
38;1;4;5;000:22:16:00;000:22:40:00;0;0;1;0;0
39;1;4;5;000:23:16:00;000:23:40:00;0;0;1;0;0
40;1;5;4;000:06:04:00;000:06:34:00;0;0;1;0;0
41;1;5;4;000:06:24:00;000:06:54:00;0;0;1;0;0
42;1;5;4;000:06:44:00;000:07:14:00;0;0;1;0;0
43;1;5;4;000:07:04:00;000:07:34:00;0;0;1;0;0
44;1;5;4;000:07:24:00;000:07:54:00;0;0;1;0;0
45;1;5;4;000:07:44:00;000:08:14:00;0;0;1;0;0
46;1;5;4;000:08:04:00;000:08:34:00;0;0;1;0;0
47;1;5;4;000:08:24:00;000:08:54:00;0;0;1;0;0
48;1;5;4;000:08:44:00;000:09:14:00;0;0;1;0;0
49;1;5;4;000:09:04:00;000:09:30:00;0;0;1;0;0
50;1;5;4;000:09:34:00;000:10:00:00;0;0;1;0;0
51;1;5;4;000:10:04:00;000:10:30:00;0;0;1;0;0
52;1;5;4;000:10:34:00;000:11:00:00;0;0;1;0;0
53;1;5;4;000:11:04:00;000:11:30:00;0;0;1;0;0
54;1;5;4;000:11:34:00;000:12:00:00;0;0;1;0;0
55;1;5;4;000:12:04:00;000:12:30:00;0;0;1;0;0
56;1;5;4;000:12:34:00;000:13:00:00;0;0;1;0;0
57;1;5;4;000:13:04:00;000:13:32:00;0;0;1;0;0
58;1;5;4;000:13:24:00;000:13:52:00;0;0;1;0;0
59;1;5;4;000:13:44:00;000:14:12:00;0;0;1;0;0
60;1;5;4;000:14:04:00;000:14:32:00;0;0;1;0;0
61;1;5;4;000:14:24:00;000:14:52:00;0;0;1;0;0
62;1;5;4;000:14:44:00;000:15:12:00;0;0;1;0;0
63;1;5;4;000:15:04:00;000:15:32:00;0;0;1;0;0
64;1;5;4;000:15:24:00;000:15:52:00;0;0;1;0;0
65;1;5;4;000:15:44:00;000:16:12:00;0;0;1;0;0
66;1;5;4;000:16:04:00;000:16:32:00;0;0;1;0;0
67;1;5;4;000:16:24:00;000:16:52:00;0;0;1;0;0
68;1;5;4;000:16:44:00;000:17:12:00;0;0;1;0;0
69;1;5;4;000:17:04:00;000:17:32:00;0;0;1;0;0
70;1;5;4;000:17:24:00;000:17:52:00;0;0;1;0;0
71;1;5;4;000:17:44:00;000:18:12:00;0;0;1;0;0
72;1;5;4;000:18:04:00;000:18:32:00;0;0;1;0;0
73;1;5;4;000:18:24:00;000:18:52:00;0;0;1;0;0
74;1;5;4;000:18:44:00;000:19:12:00;0;0;1;0;0
75;1;5;4;000:19:04:00;000:19:28:00;0;0;1;0;0
76;1;5;4;000:20:04:00;000:20:28:00;0;0;1;0;0
77;1;5;4;000:21:04:00;000:21:28:00;0;0;1;0;0
78;1;5;4;000:22:04:00;000:22:28:00;0;0;1;0;0
79;1;5;4;000:23:04:00;000:23:28:00;0;0;1;0;0
80;2;4;6;000:06:05:00;000:07:03:00;0;0;1;0;0
81;2;4;6;000:06:25:00;000:07:23:00;0;0;1;0;0
82;2;4;6;000:06:45:00;000:07:43:00;0;0;1;0;0
83;2;4;6;000:07:05:00;000:08:03:00;0;0;1;0;0
84;2;4;6;000:07:25:00;000:08:23:00;0;0;1;0;0
85;2;4;6;000:07:45:00;000:08:43:00;0;0;1;0;0
86;2;4;6;000:08:05:00;000:09:03:00;0;0;1;0;0
87;2;4;6;000:08:25:00;000:09:23:00;0;0;1;0;0
88;2;4;6;000:08:45:00;000:09:43:00;0;0;1;0;0
89;2;4;6;000:09:05:00;000:09:56:00;0;0;1;0;0
90;2;4;6;000:09:35:00;000:10:26:00;0;0;1;0;0
91;2;4;6;000:10:05:00;000:10:56:00;0;0;1;0;0
92;2;4;6;000:10:35:00;000:11:26:00;0;0;1;0;0
93;2;4;6;000:11:05:00;000:11:56:00;0;0;1;0;0
94;2;4;6;000:11:35:00;000:12:26:00;0;0;1;0;0
95;2;4;6;000:12:05:00;000:12:56:00;0;0;1;0;0
96;2;4;6;000:12:35:00;000:13:26:00;0;0;1;0;0
97;2;4;6;000:13:05:00;000:13:59:00;0;0;1;0;0
98;2;4;6;000:13:25:00;000:14:19:00;0;0;1;0;0
99;2;4;6;000:13:45:00;000:14:39:00;0;0;1;0;0
100;2;4;6;000:14:05:00;000:14:59:00;0;0;1;0;0
101;2;4;6;000:14:25:00;000:15:19:00;0;0;1;0;0
102;2;4;6;000:14:45:00;000:15:39:00;0;0;1;0;0
103;2;4;6;000:15:05:00;000:15:59:00;0;0;1;0;0
104;2;4;6;000:15:25:00;000:16:19:00;0;0;1;0;0
105;2;4;6;000:15:45:00;000:16:39:00;0;0;1;0;0
106;2;4;6;000:16:05:00;000:16:59:00;0;0;1;0;0
107;2;4;6;000:16:25:00;000:17:19:00;0;0;1;0;0
108;2;4;6;000:16:45:00;000:17:39:00;0;0;1;0;0
109;2;4;6;000:17:05:00;000:17:59:00;0;0;1;0;0
110;2;4;6;000:17:25:00;000:18:19:00;0;0;1;0;0
111;2;4;6;000:17:45:00;000:18:39:00;0;0;1;0;0
112;2;4;6;000:18:05:00;000:18:59:00;0;0;1;0;0
113;2;4;6;000:18:25:00;000:19:19:00;0;0;1;0;0
114;2;4;6;000:18:45:00;000:19:39:00;0;0;1;0;0
115;2;4;6;000:19:05:00;000:19:51:00;0;0;1;0;0
116;2;4;6;000:20:05:00;000:20:51:00;0;0;1;0;0
117;2;4;6;000:21:05:00;000:21:51:00;0;0;1;0;0
118;2;4;6;000:22:05:00;000:22:51:00;0;0;1;0;0
119;2;4;6;000:23:05:00;000:23:51:00;0;0;1;0;0
120;2;6;4;000:06:08:00;000:07:06:00;0;0;1;0;0
121;2;6;4;000:06:28:00;000:07:26:00;0;0;1;0;0
122;2;6;4;000:06:48:00;000:07:46:00;0;0;1;0;0
123;2;6;4;000:07:08:00;000:08:06:00;0;0;1;0;0
124;2;6;4;000:07:28:00;000:08:26:00;0;0;1;0;0
125;2;6;4;000:07:48:00;000:08:46:00;0;0;1;0;0
126;2;6;4;000:08:08:00;000:09:06:00;0;0;1;0;0
127;2;6;4;000:08:28:00;000:09:26:00;0;0;1;0;0
128;2;6;4;000:08:48:00;000:09:46:00;0;0;1;0;0
129;2;6;4;000:09:08:00;000:09:59:00;0;0;1;0;0
130;2;6;4;000:09:38:00;000:10:29:00;0;0;1;0;0
131;2;6;4;000:10:08:00;000:10:59:00;0;0;1;0;0
132;2;6;4;000:10:38:00;000:11:29:00;0;0;1;0;0
133;2;6;4;000:11:08:00;000:11:59:00;0;0;1;0;0
134;2;6;4;000:11:38:00;000:12:29:00;0;0;1;0;0
135;2;6;4;000:12:08:00;000:12:59:00;0;0;1;0;0
136;2;6;4;000:12:38:00;000:13:29:00;0;0;1;0;0
137;2;6;4;000:13:08:00;000:14:02:00;0;0;1;0;0
138;2;6;4;000:13:28:00;000:14:22:00;0;0;1;0;0
139;2;6;4;000:13:48:00;000:14:42:00;0;0;1;0;0
140;2;6;4;000:14:08:00;000:15:02:00;0;0;1;0;0
141;2;6;4;000:14:28:00;000:15:22:00;0;0;1;0;0
142;2;6;4;000:14:48:00;000:15:42:00;0;0;1;0;0
143;2;6;4;000:15:08:00;000:16:02:00;0;0;1;0;0
144;2;6;4;000:15:28:00;000:16:22:00;0;0;1;0;0
145;2;6;4;000:15:48:00;000:16:42:00;0;0;1;0;0
146;2;6;4;000:16:08:00;000:17:02:00;0;0;1;0;0
147;2;6;4;000:16:28:00;000:17:22:00;0;0;1;0;0
148;2;6;4;000:16:48:00;000:17:42:00;0;0;1;0;0
149;2;6;4;000:17:08:00;000:18:02:00;0;0;1;0;0
150;2;6;4;000:17:28:00;000:18:22:00;0;0;1;0;0
151;2;6;4;000:17:48:00;000:18:42:00;0;0;1;0;0
152;2;6;4;000:18:08:00;000:19:02:00;0;0;1;0;0
153;2;6;4;000:18:28:00;000:19:22:00;0;0;1;0;0
154;2;6;4;000:18:48:00;000:19:42:00;0;0;1;0;0
155;2;6;4;000:19:08:00;000:19:54:00;0;0;1;0;0
156;2;6;4;000:20:08:00;000:20:54:00;0;0;1;0;0
157;2;6;4;000:21:08:00;000:21:54:00;0;0;1;0;0
158;2;6;4;000:22:08:00;000:22:54:00;0;0;1;0;0
159;2;6;4;000:23:08:00;000:23:54:00;0;0;1;0;0
160;3;4;7;000:06:08:00;000:07:10:00;0;0;1;0;0
161;3;4;7;000:06:28:00;000:07:30:00;0;0;1;0;0
162;3;4;7;000:06:48:00;000:07:50:00;0;0;1;0;0
163;3;4;7;000:07:08:00;000:08:10:00;0;0;1;0;0
164;3;4;7;000:07:28:00;000:08:30:00;0;0;1;0;0
165;3;4;7;000:07:48:00;000:08:50:00;0;0;1;0;0
166;3;4;7;000:08:08:00;000:09:10:00;0;0;1;0;0
167;3;4;7;000:08:28:00;000:09:30:00;0;0;1;0;0
168;3;4;7;000:08:48:00;000:09:50:00;0;0;1;0;0
169;3;4;7;000:09:08:00;000:10:02:00;0;0;1;0;0
170;3;4;7;000:09:38:00;000:10:32:00;0;0;1;0;0
171;3;4;7;000:10:08:00;000:11:02:00;0;0;1;0;0
172;3;4;7;000:10:38:00;000:11:32:00;0;0;1;0;0
173;3;4;7;000:11:08:00;000:12:02:00;0;0;1;0;0
174;3;4;7;000:11:38:00;000:12:32:00;0;0;1;0;0
175;3;4;7;000:12:08:00;000:13:02:00;0;0;1;0;0
176;3;4;7;000:12:38:00;000:13:32:00;0;0;1;0;0
177;3;4;7;000:13:08:00;000:14:06:00;0;0;1;0;0
178;3;4;7;000:13:28:00;000:14:26:00;0;0;1;0;0
179;3;4;7;000:13:48:00;000:14:46:00;0;0;1;0;0
180;3;4;7;000:14:08:00;000:15:06:00;0;0;1;0;0
181;3;4;7;000:14:28:00;000:15:26:00;0;0;1;0;0
182;3;4;7;000:14:48:00;000:15:46:00;0;0;1;0;0
183;3;4;7;000:15:08:00;000:16:06:00;0;0;1;0;0
184;3;4;7;000:15:28:00;000:16:26:00;0;0;1;0;0
185;3;4;7;000:15:48:00;000:16:46:00;0;0;1;0;0
186;3;4;7;000:16:08:00;000:17:06:00;0;0;1;0;0
187;3;4;7;000:16:28:00;000:17:26:00;0;0;1;0;0
188;3;4;7;000:16:48:00;000:17:46:00;0;0;1;0;0
189;3;4;7;000:17:08:00;000:18:06:00;0;0;1;0;0
190;3;4;7;000:17:28:00;000:18:26:00;0;0;1;0;0
191;3;4;7;000:17:48:00;000:18:46:00;0;0;1;0;0
192;3;4;7;000:18:08:00;000:19:06:00;0;0;1;0;0
193;3;4;7;000:18:28:00;000:19:26:00;0;0;1;0;0
194;3;4;7;000:18:48:00;000:19:46:00;0;0;1;0;0
195;3;4;7;000:19:08:00;000:19:58:00;0;0;1;0;0
196;3;4;7;000:20:08:00;000:20:58:00;0;0;1;0;0
197;3;4;7;000:21:08:00;000:21:58:00;0;0;1;0;0
198;3;4;7;000:22:08:00;000:22:58:00;0;0;1;0;0
199;3;4;7;000:23:08:00;000:23:58:00;0;0;1;0;0
200;3;7;4;000:06:13:00;000:07:15:00;0;0;1;0;0
201;3;7;4;000:06:33:00;000:07:35:00;0;0;1;0;0
202;3;7;4;000:06:53:00;000:07:55:00;0;0;1;0;0
203;3;7;4;000:07:13:00;000:08:15:00;0;0;1;0;0
204;3;7;4;000:07:33:00;000:08:35:00;0;0;1;0;0
205;3;7;4;000:07:53:00;000:08:55:00;0;0;1;0;0
206;3;7;4;000:08:13:00;000:09:15:00;0;0;1;0;0
207;3;7;4;000:08:33:00;000:09:35:00;0;0;1;0;0
208;3;7;4;000:08:53:00;000:09:55:00;0;0;1;0;0
209;3;7;4;000:09:13:00;000:10:07:00;0;0;1;0;0
210;3;7;4;000:09:43:00;000:10:37:00;0;0;1;0;0
211;3;7;4;000:10:13:00;000:11:07:00;0;0;1;0;0
212;3;7;4;000:10:43:00;000:11:37:00;0;0;1;0;0
213;3;7;4;000:11:13:00;000:12:07:00;0;0;1;0;0
214;3;7;4;000:11:43:00;000:12:37:00;0;0;1;0;0
215;3;7;4;000:12:13:00;000:13:07:00;0;0;1;0;0
216;3;7;4;000:12:43:00;000:13:37:00;0;0;1;0;0
217;3;7;4;000:13:13:00;000:14:11:00;0;0;1;0;0
218;3;7;4;000:13:33:00;000:14:31:00;0;0;1;0;0
219;3;7;4;000:13:53:00;000:14:51:00;0;0;1;0;0
220;3;7;4;000:14:13:00;000:15:11:00;0;0;1;0;0
221;3;7;4;000:14:33:00;000:15:31:00;0;0;1;0;0
222;3;7;4;000:14:53:00;000:15:51:00;0;0;1;0;0
223;3;7;4;000:15:13:00;000:16:11:00;0;0;1;0;0
224;3;7;4;000:15:33:00;000:16:31:00;0;0;1;0;0
225;3;7;4;000:15:53:00;000:16:51:00;0;0;1;0;0
226;3;7;4;000:16:13:00;000:17:11:00;0;0;1;0;0
227;3;7;4;000:16:33:00;000:17:31:00;0;0;1;0;0
228;3;7;4;000:16:53:00;000:17:51:00;0;0;1;0;0
229;3;7;4;000:17:13:00;000:18:11:00;0;0;1;0;0
230;3;7;4;000:17:33:00;000:18:31:00;0;0;1;0;0
231;3;7;4;000:17:53:00;000:18:51:00;0;0;1;0;0
232;3;7;4;000:18:13:00;000:19:11:00;0;0;1;0;0
233;3;7;4;000:18:33:00;000:19:31:00;0;0;1;0;0
234;3;7;4;000:18:53:00;000:19:51:00;0;0;1;0;0
235;3;7;4;000:19:13:00;000:20:03:00;0;0;1;0;0
236;3;7;4;000:20:13:00;000:21:03:00;0;0;1;0;0
237;3;7;4;000:21:13:00;000:22:03:00;0;0;1;0;0
238;3;7;4;000:22:13:00;000:23:03:00;0;0;1;0;0
239;3;7;4;000:23:13:00;001:00:03:00;0;0;1;0;0
240;4;4;8;000:06:07:00;000:06:41:00;0;0;1;0;0
241;4;4;8;000:06:27:00;000:07:01:00;0;0;1;0;0
242;4;4;8;000:06:47:00;000:07:21:00;0;0;1;0;0
243;4;4;8;000:07:07:00;000:07:41:00;0;0;1;0;0
244;4;4;8;000:07:27:00;000:08:01:00;0;0;1;0;0
245;4;4;8;000:07:47:00;000:08:21:00;0;0;1;0;0
246;4;4;8;000:08:07:00;000:08:41:00;0;0;1;0;0
247;4;4;8;000:08:27:00;000:09:01:00;0;0;1;0;0
248;4;4;8;000:08:47:00;000:09:21:00;0;0;1;0;0
249;4;4;8;000:09:07:00;000:09:37:00;0;0;1;0;0
250;4;4;8;000:09:37:00;000:10:07:00;0;0;1;0;0
251;4;4;8;000:10:07:00;000:10:37:00;0;0;1;0;0
252;4;4;8;000:10:37:00;000:11:07:00;0;0;1;0;0
253;4;4;8;000:11:07:00;000:11:37:00;0;0;1;0;0
254;4;4;8;000:11:37:00;000:12:07:00;0;0;1;0;0
255;4;4;8;000:12:07:00;000:12:37:00;0;0;1;0;0
256;4;4;8;000:12:37:00;000:13:07:00;0;0;1;0;0
257;4;4;8;000:13:07:00;000:13:39:00;0;0;1;0;0
258;4;4;8;000:13:27:00;000:13:59:00;0;0;1;0;0
259;4;4;8;000:13:47:00;000:14:19:00;0;0;1;0;0
260;4;4;8;000:14:07:00;000:14:39:00;0;0;1;0;0
261;4;4;8;000:14:27:00;000:14:59:00;0;0;1;0;0
262;4;4;8;000:14:47:00;000:15:19:00;0;0;1;0;0
263;4;4;8;000:15:07:00;000:15:39:00;0;0;1;0;0
264;4;4;8;000:15:27:00;000:15:59:00;0;0;1;0;0
265;4;4;8;000:15:47:00;000:16:19:00;0;0;1;0;0
266;4;4;8;000:16:07:00;000:16:39:00;0;0;1;0;0
267;4;4;8;000:16:27:00;000:16:59:00;0;0;1;0;0
268;4;4;8;000:16:47:00;000:17:19:00;0;0;1;0;0
269;4;4;8;000:17:07:00;000:17:39:00;0;0;1;0;0
270;4;4;8;000:17:27:00;000:17:59:00;0;0;1;0;0
271;4;4;8;000:17:47:00;000:18:19:00;0;0;1;0;0
272;4;4;8;000:18:07:00;000:18:39:00;0;0;1;0;0
273;4;4;8;000:18:27:00;000:18:59:00;0;0;1;0;0
274;4;4;8;000:18:47:00;000:19:19:00;0;0;1;0;0
275;4;4;8;000:19:07:00;000:19:34:00;0;0;1;0;0
276;4;4;8;000:20:07:00;000:20:34:00;0;0;1;0;0
277;4;4;8;000:21:07:00;000:21:34:00;0;0;1;0;0
278;4;4;8;000:22:07:00;000:22:34:00;0;0;1;0;0
279;4;4;8;000:23:07:00;000:23:34:00;0;0;1;0;0
280;4;8;4;000:06:17:00;000:06:51:00;0;0;1;0;0
281;4;8;4;000:06:37:00;000:07:11:00;0;0;1;0;0
282;4;8;4;000:06:57:00;000:07:31:00;0;0;1;0;0
283;4;8;4;000:07:17:00;000:07:51:00;0;0;1;0;0
284;4;8;4;000:07:37:00;000:08:11:00;0;0;1;0;0
285;4;8;4;000:07:57:00;000:08:31:00;0;0;1;0;0
286;4;8;4;000:08:17:00;000:08:51:00;0;0;1;0;0
287;4;8;4;000:08:37:00;000:09:11:00;0;0;1;0;0
288;4;8;4;000:08:57:00;000:09:31:00;0;0;1;0;0
289;4;8;4;000:09:17:00;000:09:47:00;0;0;1;0;0
290;4;8;4;000:09:47:00;000:10:17:00;0;0;1;0;0
291;4;8;4;000:10:17:00;000:10:47:00;0;0;1;0;0
292;4;8;4;000:10:47:00;000:11:17:00;0;0;1;0;0
293;4;8;4;000:11:17:00;000:11:47:00;0;0;1;0;0
294;4;8;4;000:11:47:00;000:12:17:00;0;0;1;0;0
295;4;8;4;000:12:17:00;000:12:47:00;0;0;1;0;0
296;4;8;4;000:12:47:00;000:13:17:00;0;0;1;0;0
297;4;8;4;000:13:17:00;000:13:49:00;0;0;1;0;0
298;4;8;4;000:13:37:00;000:14:09:00;0;0;1;0;0
299;4;8;4;000:13:57:00;000:14:29:00;0;0;1;0;0
300;4;8;4;000:14:17:00;000:14:49:00;0;0;1;0;0
301;4;8;4;000:14:37:00;000:15:09:00;0;0;1;0;0
302;4;8;4;000:14:57:00;000:15:29:00;0;0;1;0;0
303;4;8;4;000:15:17:00;000:15:49:00;0;0;1;0;0
304;4;8;4;000:15:37:00;000:16:09:00;0;0;1;0;0
305;4;8;4;000:15:57:00;000:16:29:00;0;0;1;0;0
306;4;8;4;000:16:17:00;000:16:49:00;0;0;1;0;0
307;4;8;4;000:16:37:00;000:17:09:00;0;0;1;0;0
308;4;8;4;000:16:57:00;000:17:29:00;0;0;1;0;0
309;4;8;4;000:17:17:00;000:17:49:00;0;0;1;0;0
310;4;8;4;000:17:37:00;000:18:09:00;0;0;1;0;0
311;4;8;4;000:17:57:00;000:18:29:00;0;0;1;0;0
312;4;8;4;000:18:17:00;000:18:49:00;0;0;1;0;0
313;4;8;4;000:18:37:00;000:19:09:00;0;0;1;0;0
314;4;8;4;000:18:57:00;000:19:29:00;0;0;1;0;0
315;4;8;4;000:19:17:00;000:19:44:00;0;0;1;0;0
316;4;8;4;000:20:17:00;000:20:44:00;0;0;1;0;0
317;4;8;4;000:21:17:00;000:21:44:00;0;0;1;0;0
318;4;8;4;000:22:17:00;000:22:44:00;0;0;1;0;0
319;4;8;4;000:23:17:00;000:23:44:00;0;0;1;0;0
320;5;5;6;000:06:10:00;000:07:08:00;0;0;1;0;0
321;5;5;6;000:06:30:00;000:07:28:00;0;0;1;0;0
322;5;5;6;000:06:50:00;000:07:48:00;0;0;1;0;0
323;5;5;6;000:07:10:00;000:08:08:00;0;0;1;0;0
324;5;5;6;000:07:30:00;000:08:28:00;0;0;1;0;0
325;5;5;6;000:07:50:00;000:08:48:00;0;0;1;0;0
326;5;5;6;000:08:10:00;000:09:08:00;0;0;1;0;0
327;5;5;6;000:08:30:00;000:09:28:00;0;0;1;0;0
328;5;5;6;000:08:50:00;000:09:48:00;0;0;1;0;0
329;5;5;6;000:09:10:00;000:10:01:00;0;0;1;0;0
330;5;5;6;000:09:40:00;000:10:31:00;0;0;1;0;0
331;5;5;6;000:10:10:00;000:11:01:00;0;0;1;0;0
332;5;5;6;000:10:40:00;000:11:31:00;0;0;1;0;0
333;5;5;6;000:11:10:00;000:12:01:00;0;0;1;0;0
334;5;5;6;000:11:40:00;000:12:31:00;0;0;1;0;0
335;5;5;6;000:12:10:00;000:13:01:00;0;0;1;0;0
336;5;5;6;000:12:40:00;000:13:31:00;0;0;1;0;0
337;5;5;6;000:13:10:00;000:14:04:00;0;0;1;0;0
338;5;5;6;000:13:30:00;000:14:24:00;0;0;1;0;0
339;5;5;6;000:13:50:00;000:14:44:00;0;0;1;0;0
340;5;5;6;000:14:10:00;000:15:04:00;0;0;1;0;0
341;5;5;6;000:14:30:00;000:15:24:00;0;0;1;0;0
342;5;5;6;000:14:50:00;000:15:44:00;0;0;1;0;0
343;5;5;6;000:15:10:00;000:16:04:00;0;0;1;0;0
344;5;5;6;000:15:30:00;000:16:24:00;0;0;1;0;0
345;5;5;6;000:15:50:00;000:16:44:00;0;0;1;0;0
346;5;5;6;000:16:10:00;000:17:04:00;0;0;1;0;0
347;5;5;6;000:16:30:00;000:17:24:00;0;0;1;0;0
348;5;5;6;000:16:50:00;000:17:44:00;0;0;1;0;0
349;5;5;6;000:17:10:00;000:18:04:00;0;0;1;0;0
350;5;5;6;000:17:30:00;000:18:24:00;0;0;1;0;0
351;5;5;6;000:17:50:00;000:18:44:00;0;0;1;0;0
352;5;5;6;000:18:10:00;000:19:04:00;0;0;1;0;0
353;5;5;6;000:18:30:00;000:19:24:00;0;0;1;0;0
354;5;5;6;000:18:50:00;000:19:44:00;0;0;1;0;0
355;5;5;6;000:19:10:00;000:19:56:00;0;0;1;0;0
356;5;5;6;000:20:10:00;000:20:56:00;0;0;1;0;0
357;5;5;6;000:21:10:00;000:21:56:00;0;0;1;0;0
358;5;5;6;000:22:10:00;000:22:56:00;0;0;1;0;0
359;5;5;6;000:23:10:00;000:23:56:00;0;0;1;0;0
360;5;6;5;000:06:01:00;000:06:59:00;0;0;1;0;0
361;5;6;5;000:06:21:00;000:07:19:00;0;0;1;0;0
362;5;6;5;000:06:41:00;000:07:39:00;0;0;1;0;0
363;5;6;5;000:07:01:00;000:07:59:00;0;0;1;0;0
364;5;6;5;000:07:21:00;000:08:19:00;0;0;1;0;0
365;5;6;5;000:07:41:00;000:08:39:00;0;0;1;0;0
366;5;6;5;000:08:01:00;000:08:59:00;0;0;1;0;0
367;5;6;5;000:08:21:00;000:09:19:00;0;0;1;0;0
368;5;6;5;000:08:41:00;000:09:39:00;0;0;1;0;0
369;5;6;5;000:09:01:00;000:09:52:00;0;0;1;0;0
370;5;6;5;000:09:31:00;000:10:22:00;0;0;1;0;0
371;5;6;5;000:10:01:00;000:10:52:00;0;0;1;0;0
372;5;6;5;000:10:31:00;000:11:22:00;0;0;1;0;0
373;5;6;5;000:11:01:00;000:11:52:00;0;0;1;0;0
374;5;6;5;000:11:31:00;000:12:22:00;0;0;1;0;0
375;5;6;5;000:12:01:00;000:12:52:00;0;0;1;0;0
376;5;6;5;000:12:31:00;000:13:22:00;0;0;1;0;0
377;5;6;5;000:13:01:00;000:13:55:00;0;0;1;0;0
378;5;6;5;000:13:21:00;000:14:15:00;0;0;1;0;0
379;5;6;5;000:13:41:00;000:14:35:00;0;0;1;0;0
380;5;6;5;000:14:01:00;000:14:55:00;0;0;1;0;0
381;5;6;5;000:14:21:00;000:15:15:00;0;0;1;0;0
382;5;6;5;000:14:41:00;000:15:35:00;0;0;1;0;0
383;5;6;5;000:15:01:00;000:15:55:00;0;0;1;0;0
384;5;6;5;000:15:21:00;000:16:15:00;0;0;1;0;0
385;5;6;5;000:15:41:00;000:16:35:00;0;0;1;0;0
386;5;6;5;000:16:01:00;000:16:55:00;0;0;1;0;0
387;5;6;5;000:16:21:00;000:17:15:00;0;0;1;0;0
388;5;6;5;000:16:41:00;000:17:35:00;0;0;1;0;0
389;5;6;5;000:17:01:00;000:17:55:00;0;0;1;0;0
390;5;6;5;000:17:21:00;000:18:15:00;0;0;1;0;0
391;5;6;5;000:17:41:00;000:18:35:00;0;0;1;0;0
392;5;6;5;000:18:01:00;000:18:55:00;0;0;1;0;0
393;5;6;5;000:18:21:00;000:19:15:00;0;0;1;0;0
394;5;6;5;000:18:41:00;000:19:35:00;0;0;1;0;0
395;5;6;5;000:19:01:00;000:19:47:00;0;0;1;0;0
396;5;6;5;000:20:01:00;000:20:47:00;0;0;1;0;0
397;5;6;5;000:21:01:00;000:21:47:00;0;0;1;0;0
398;5;6;5;000:22:01:00;000:22:47:00;0;0;1;0;0
399;5;6;5;000:23:01:00;000:23:47:00;0;0;1;0;0
400;6;5;7;000:06:12:00;000:07:31:00;0;0;1;0;0
401;6;5;7;000:06:32:00;000:07:51:00;0;0;1;0;0
402;6;5;7;000:06:52:00;000:08:11:00;0;0;1;0;0
403;6;5;7;000:07:12:00;000:08:31:00;0;0;1;0;0
404;6;5;7;000:07:32:00;000:08:51:00;0;0;1;0;0
405;6;5;7;000:07:52:00;000:09:11:00;0;0;1;0;0
406;6;5;7;000:08:12:00;000:09:31:00;0;0;1;0;0
407;6;5;7;000:08:32:00;000:09:51:00;0;0;1;0;0
408;6;5;7;000:08:52:00;000:10:11:00;0;0;1;0;0
409;6;5;7;000:09:12:00;000:10:21:00;0;0;1;0;0
410;6;5;7;000:09:42:00;000:10:51:00;0;0;1;0;0
411;6;5;7;000:10:12:00;000:11:21:00;0;0;1;0;0
412;6;5;7;000:10:42:00;000:11:51:00;0;0;1;0;0
413;6;5;7;000:11:12:00;000:12:21:00;0;0;1;0;0
414;6;5;7;000:11:42:00;000:12:51:00;0;0;1;0;0
415;6;5;7;000:12:12:00;000:13:21:00;0;0;1;0;0
416;6;5;7;000:12:42:00;000:13:51:00;0;0;1;0;0
417;6;5;7;000:13:12:00;000:14:26:00;0;0;1;0;0
418;6;5;7;000:13:32:00;000:14:46:00;0;0;1;0;0
419;6;5;7;000:13:52:00;000:15:06:00;0;0;1;0;0
420;6;5;7;000:14:12:00;000:15:26:00;0;0;1;0;0
421;6;5;7;000:14:32:00;000:15:46:00;0;0;1;0;0
422;6;5;7;000:14:52:00;000:16:06:00;0;0;1;0;0
423;6;5;7;000:15:12:00;000:16:26:00;0;0;1;0;0
424;6;5;7;000:15:32:00;000:16:46:00;0;0;1;0;0
425;6;5;7;000:15:52:00;000:17:06:00;0;0;1;0;0
426;6;5;7;000:16:12:00;000:17:26:00;0;0;1;0;0
427;6;5;7;000:16:32:00;000:17:46:00;0;0;1;0;0
428;6;5;7;000:16:52:00;000:18:06:00;0;0;1;0;0
429;6;5;7;000:17:12:00;000:18:26:00;0;0;1;0;0
430;6;5;7;000:17:32:00;000:18:46:00;0;0;1;0;0
431;6;5;7;000:17:52:00;000:19:06:00;0;0;1;0;0
432;6;5;7;000:18:12:00;000:19:26:00;0;0;1;0;0
433;6;5;7;000:18:32:00;000:19:46:00;0;0;1;0;0
434;6;5;7;000:18:52:00;000:20:06:00;0;0;1;0;0
435;6;5;7;000:19:12:00;000:20:15:00;0;0;1;0;0
436;6;5;7;000:20:12:00;000:21:15:00;0;0;1;0;0
437;6;5;7;000:21:12:00;000:22:15:00;0;0;1;0;0
438;6;5;7;000:22:12:00;000:23:15:00;0;0;1;0;0
439;6;5;7;000:23:12:00;001:00:15:00;0;0;1;0;0
440;6;7;5;000:06:01:00;000:07:20:00;0;0;1;0;0
441;6;7;5;000:06:21:00;000:07:40:00;0;0;1;0;0
442;6;7;5;000:06:41:00;000:08:00:00;0;0;1;0;0
443;6;7;5;000:07:01:00;000:08:20:00;0;0;1;0;0
444;6;7;5;000:07:21:00;000:08:40:00;0;0;1;0;0
445;6;7;5;000:07:41:00;000:09:00:00;0;0;1;0;0
446;6;7;5;000:08:01:00;000:09:20:00;0;0;1;0;0
447;6;7;5;000:08:21:00;000:09:40:00;0;0;1;0;0
448;6;7;5;000:08:41:00;000:10:00:00;0;0;1;0;0
449;6;7;5;000:09:01:00;000:10:10:00;0;0;1;0;0
450;6;7;5;000:09:31:00;000:10:40:00;0;0;1;0;0
451;6;7;5;000:10:01:00;000:11:10:00;0;0;1;0;0
452;6;7;5;000:10:31:00;000:11:40:00;0;0;1;0;0
453;6;7;5;000:11:01:00;000:12:10:00;0;0;1;0;0
454;6;7;5;000:11:31:00;000:12:40:00;0;0;1;0;0
455;6;7;5;000:12:01:00;000:13:10:00;0;0;1;0;0
456;6;7;5;000:12:31:00;000:13:40:00;0;0;1;0;0
457;6;7;5;000:13:01:00;000:14:15:00;0;0;1;0;0
458;6;7;5;000:13:21:00;000:14:35:00;0;0;1;0;0
459;6;7;5;000:13:41:00;000:14:55:00;0;0;1;0;0
460;6;7;5;000:14:01:00;000:15:15:00;0;0;1;0;0
461;6;7;5;000:14:21:00;000:15:35:00;0;0;1;0;0
462;6;7;5;000:14:41:00;000:15:55:00;0;0;1;0;0
463;6;7;5;000:15:01:00;000:16:15:00;0;0;1;0;0
464;6;7;5;000:15:21:00;000:16:35:00;0;0;1;0;0
465;6;7;5;000:15:41:00;000:16:55:00;0;0;1;0;0
466;6;7;5;000:16:01:00;000:17:15:00;0;0;1;0;0
467;6;7;5;000:16:21:00;000:17:35:00;0;0;1;0;0
468;6;7;5;000:16:41:00;000:17:55:00;0;0;1;0;0
469;6;7;5;000:17:01:00;000:18:15:00;0;0;1;0;0
470;6;7;5;000:17:21:00;000:18:35:00;0;0;1;0;0
471;6;7;5;000:17:41:00;000:18:55:00;0;0;1;0;0
472;6;7;5;000:18:01:00;000:19:15:00;0;0;1;0;0
473;6;7;5;000:18:21:00;000:19:35:00;0;0;1;0;0
474;6;7;5;000:18:41:00;000:19:55:00;0;0;1;0;0
475;6;7;5;000:19:01:00;000:20:04:00;0;0;1;0;0
476;6;7;5;000:20:01:00;000:21:04:00;0;0;1;0;0
477;6;7;5;000:21:01:00;000:22:04:00;0;0;1;0;0
478;6;7;5;000:22:01:00;000:23:04:00;0;0;1;0;0
479;6;7;5;000:23:01:00;001:00:04:00;0;0;1;0;0
480;7;5;8;000:06:09:00;000:07:50:00;0;0;1;0;0
481;7;5;8;000:06:29:00;000:08:10:00;0;0;1;0;0
482;7;5;8;000:06:49:00;000:08:30:00;0;0;1;0;0
483;7;5;8;000:07:09:00;000:08:50:00;0;0;1;0;0
484;7;5;8;000:07:29:00;000:09:10:00;0;0;1;0;0
485;7;5;8;000:07:49:00;000:09:30:00;0;0;1;0;0
486;7;5;8;000:08:09:00;000:09:50:00;0;0;1;0;0
487;7;5;8;000:08:29:00;000:10:10:00;0;0;1;0;0
488;7;5;8;000:08:49:00;000:10:30:00;0;0;1;0;0
489;7;5;8;000:09:09:00;000:10:37:00;0;0;1;0;0
490;7;5;8;000:09:39:00;000:11:07:00;0;0;1;0;0
491;7;5;8;000:10:09:00;000:11:37:00;0;0;1;0;0
492;7;5;8;000:10:39:00;000:12:07:00;0;0;1;0;0
493;7;5;8;000:11:09:00;000:12:37:00;0;0;1;0;0
494;7;5;8;000:11:39:00;000:13:07:00;0;0;1;0;0
495;7;5;8;000:12:09:00;000:13:37:00;0;0;1;0;0
496;7;5;8;000:12:39:00;000:14:07:00;0;0;1;0;0
497;7;5;8;000:13:09:00;000:14:43:00;0;0;1;0;0
498;7;5;8;000:13:29:00;000:15:03:00;0;0;1;0;0
499;7;5;8;000:13:49:00;000:15:23:00;0;0;1;0;0
500;7;5;8;000:14:09:00;000:15:43:00;0;0;1;0;0
501;7;5;8;000:14:29:00;000:16:03:00;0;0;1;0;0
502;7;5;8;000:14:49:00;000:16:23:00;0;0;1;0;0
503;7;5;8;000:15:09:00;000:16:43:00;0;0;1;0;0
504;7;5;8;000:15:29:00;000:17:03:00;0;0;1;0;0
505;7;5;8;000:15:49:00;000:17:23:00;0;0;1;0;0
506;7;5;8;000:16:09:00;000:17:43:00;0;0;1;0;0
507;7;5;8;000:16:29:00;000:18:03:00;0;0;1;0;0
508;7;5;8;000:16:49:00;000:18:23:00;0;0;1;0;0
509;7;5;8;000:17:09:00;000:18:43:00;0;0;1;0;0
510;7;5;8;000:17:29:00;000:19:03:00;0;0;1;0;0
511;7;5;8;000:17:49:00;000:19:23:00;0;0;1;0;0
512;7;5;8;000:18:09:00;000:19:43:00;0;0;1;0;0
513;7;5;8;000:18:29:00;000:20:03:00;0;0;1;0;0
514;7;5;8;000:18:49:00;000:20:23:00;0;0;1;0;0
515;7;5;8;000:19:09:00;000:20:30:00;0;0;1;0;0
516;7;5;8;000:20:09:00;000:21:30:00;0;0;1;0;0
517;7;5;8;000:21:09:00;000:22:30:00;0;0;1;0;0
518;7;5;8;000:22:09:00;000:23:30:00;0;0;1;0;0
519;7;5;8;000:23:09:00;001:00:30:00;0;0;1;0;0
520;7;8;5;000:06:05:00;000:07:46:00;0;0;1;0;0
521;7;8;5;000:06:25:00;000:08:06:00;0;0;1;0;0
522;7;8;5;000:06:45:00;000:08:26:00;0;0;1;0;0
523;7;8;5;000:07:05:00;000:08:46:00;0;0;1;0;0
524;7;8;5;000:07:25:00;000:09:06:00;0;0;1;0;0
525;7;8;5;000:07:45:00;000:09:26:00;0;0;1;0;0
526;7;8;5;000:08:05:00;000:09:46:00;0;0;1;0;0
527;7;8;5;000:08:25:00;000:10:06:00;0;0;1;0;0
528;7;8;5;000:08:45:00;000:10:26:00;0;0;1;0;0
529;7;8;5;000:09:05:00;000:10:33:00;0;0;1;0;0
530;7;8;5;000:09:35:00;000:11:03:00;0;0;1;0;0
531;7;8;5;000:10:05:00;000:11:33:00;0;0;1;0;0
532;7;8;5;000:10:35:00;000:12:03:00;0;0;1;0;0
533;7;8;5;000:11:05:00;000:12:33:00;0;0;1;0;0
534;7;8;5;000:11:35:00;000:13:03:00;0;0;1;0;0
535;7;8;5;000:12:05:00;000:13:33:00;0;0;1;0;0
536;7;8;5;000:12:35:00;000:14:03:00;0;0;1;0;0
537;7;8;5;000:13:05:00;000:14:39:00;0;0;1;0;0
538;7;8;5;000:13:25:00;000:14:59:00;0;0;1;0;0
539;7;8;5;000:13:45:00;000:15:19:00;0;0;1;0;0
540;7;8;5;000:14:05:00;000:15:39:00;0;0;1;0;0
541;7;8;5;000:14:25:00;000:15:59:00;0;0;1;0;0
542;7;8;5;000:14:45:00;000:16:19:00;0;0;1;0;0
543;7;8;5;000:15:05:00;000:16:39:00;0;0;1;0;0
544;7;8;5;000:15:25:00;000:16:59:00;0;0;1;0;0
545;7;8;5;000:15:45:00;000:17:19:00;0;0;1;0;0
546;7;8;5;000:16:05:00;000:17:39:00;0;0;1;0;0
547;7;8;5;000:16:25:00;000:17:59:00;0;0;1;0;0
548;7;8;5;000:16:45:00;000:18:19:00;0;0;1;0;0
549;7;8;5;000:17:05:00;000:18:39:00;0;0;1;0;0
550;7;8;5;000:17:25:00;000:18:59:00;0;0;1;0;0
551;7;8;5;000:17:45:00;000:19:19:00;0;0;1;0;0
552;7;8;5;000:18:05:00;000:19:39:00;0;0;1;0;0
553;7;8;5;000:18:25:00;000:19:59:00;0;0;1;0;0
554;7;8;5;000:18:45:00;000:20:19:00;0;0;1;0;0
555;7;8;5;000:19:05:00;000:20:26:00;0;0;1;0;0
556;7;8;5;000:20:05:00;000:21:26:00;0;0;1;0;0
557;7;8;5;000:21:05:00;000:22:26:00;0;0;1;0;0
558;7;8;5;000:22:05:00;000:23:26:00;0;0;1;0;0
559;7;8;5;000:23:05:00;001:00:26:00;0;0;1;0;0
560;8;6;7;000:06:04:00;000:06:34:00;0;0;1;0;0
561;8;6;7;000:06:24:00;000:06:54:00;0;0;1;0;0
562;8;6;7;000:06:44:00;000:07:14:00;0;0;1;0;0
563;8;6;7;000:07:04:00;000:07:34:00;0;0;1;0;0
564;8;6;7;000:07:24:00;000:07:54:00;0;0;1;0;0
565;8;6;7;000:07:44:00;000:08:14:00;0;0;1;0;0
566;8;6;7;000:08:04:00;000:08:34:00;0;0;1;0;0
567;8;6;7;000:08:24:00;000:08:54:00;0;0;1;0;0
568;8;6;7;000:08:44:00;000:09:14:00;0;0;1;0;0
569;8;6;7;000:09:04:00;000:09:30:00;0;0;1;0;0
570;8;6;7;000:09:34:00;000:10:00:00;0;0;1;0;0
571;8;6;7;000:10:04:00;000:10:30:00;0;0;1;0;0
572;8;6;7;000:10:34:00;000:11:00:00;0;0;1;0;0
573;8;6;7;000:11:04:00;000:11:30:00;0;0;1;0;0
574;8;6;7;000:11:34:00;000:12:00:00;0;0;1;0;0
575;8;6;7;000:12:04:00;000:12:30:00;0;0;1;0;0
576;8;6;7;000:12:34:00;000:13:00:00;0;0;1;0;0
577;8;6;7;000:13:04:00;000:13:32:00;0;0;1;0;0
578;8;6;7;000:13:24:00;000:13:52:00;0;0;1;0;0
579;8;6;7;000:13:44:00;000:14:12:00;0;0;1;0;0
580;8;6;7;000:14:04:00;000:14:32:00;0;0;1;0;0
581;8;6;7;000:14:24:00;000:14:52:00;0;0;1;0;0
582;8;6;7;000:14:44:00;000:15:12:00;0;0;1;0;0
583;8;6;7;000:15:04:00;000:15:32:00;0;0;1;0;0
584;8;6;7;000:15:24:00;000:15:52:00;0;0;1;0;0
585;8;6;7;000:15:44:00;000:16:12:00;0;0;1;0;0
586;8;6;7;000:16:04:00;000:16:32:00;0;0;1;0;0
587;8;6;7;000:16:24:00;000:16:52:00;0;0;1;0;0
588;8;6;7;000:16:44:00;000:17:12:00;0;0;1;0;0
589;8;6;7;000:17:04:00;000:17:32:00;0;0;1;0;0
590;8;6;7;000:17:24:00;000:17:52:00;0;0;1;0;0
591;8;6;7;000:17:44:00;000:18:12:00;0;0;1;0;0
592;8;6;7;000:18:04:00;000:18:32:00;0;0;1;0;0
593;8;6;7;000:18:24:00;000:18:52:00;0;0;1;0;0
594;8;6;7;000:18:44:00;000:19:12:00;0;0;1;0;0
595;8;6;7;000:19:04:00;000:19:28:00;0;0;1;0;0
596;8;6;7;000:20:04:00;000:20:28:00;0;0;1;0;0
597;8;6;7;000:21:04:00;000:21:28:00;0;0;1;0;0
598;8;6;7;000:22:04:00;000:22:28:00;0;0;1;0;0
599;8;6;7;000:23:04:00;000:23:28:00;0;0;1;0;0
600;8;7;6;000:06:17:00;000:06:47:00;0;0;1;0;0
601;8;7;6;000:06:37:00;000:07:07:00;0;0;1;0;0
602;8;7;6;000:06:57:00;000:07:27:00;0;0;1;0;0
603;8;7;6;000:07:17:00;000:07:47:00;0;0;1;0;0
604;8;7;6;000:07:37:00;000:08:07:00;0;0;1;0;0
605;8;7;6;000:07:57:00;000:08:27:00;0;0;1;0;0
606;8;7;6;000:08:17:00;000:08:47:00;0;0;1;0;0
607;8;7;6;000:08:37:00;000:09:07:00;0;0;1;0;0
608;8;7;6;000:08:57:00;000:09:27:00;0;0;1;0;0
609;8;7;6;000:09:17:00;000:09:43:00;0;0;1;0;0
610;8;7;6;000:09:47:00;000:10:13:00;0;0;1;0;0
611;8;7;6;000:10:17:00;000:10:43:00;0;0;1;0;0
612;8;7;6;000:10:47:00;000:11:13:00;0;0;1;0;0
613;8;7;6;000:11:17:00;000:11:43:00;0;0;1;0;0
614;8;7;6;000:11:47:00;000:12:13:00;0;0;1;0;0
615;8;7;6;000:12:17:00;000:12:43:00;0;0;1;0;0
616;8;7;6;000:12:47:00;000:13:13:00;0;0;1;0;0
617;8;7;6;000:13:17:00;000:13:45:00;0;0;1;0;0
618;8;7;6;000:13:37:00;000:14:05:00;0;0;1;0;0
619;8;7;6;000:13:57:00;000:14:25:00;0;0;1;0;0
620;8;7;6;000:14:17:00;000:14:45:00;0;0;1;0;0
621;8;7;6;000:14:37:00;000:15:05:00;0;0;1;0;0
622;8;7;6;000:14:57:00;000:15:25:00;0;0;1;0;0
623;8;7;6;000:15:17:00;000:15:45:00;0;0;1;0;0
624;8;7;6;000:15:37:00;000:16:05:00;0;0;1;0;0
625;8;7;6;000:15:57:00;000:16:25:00;0;0;1;0;0
626;8;7;6;000:16:17:00;000:16:45:00;0;0;1;0;0
627;8;7;6;000:16:37:00;000:17:05:00;0;0;1;0;0
628;8;7;6;000:16:57:00;000:17:25:00;0;0;1;0;0
629;8;7;6;000:17:17:00;000:17:45:00;0;0;1;0;0
630;8;7;6;000:17:37:00;000:18:05:00;0;0;1;0;0
631;8;7;6;000:17:57:00;000:18:25:00;0;0;1;0;0
632;8;7;6;000:18:17:00;000:18:45:00;0;0;1;0;0
633;8;7;6;000:18:37:00;000:19:05:00;0;0;1;0;0
634;8;7;6;000:18:57:00;000:19:25:00;0;0;1;0;0
635;8;7;6;000:19:17:00;000:19:41:00;0;0;1;0;0
636;8;7;6;000:20:17:00;000:20:41:00;0;0;1;0;0
637;8;7;6;000:21:17:00;000:21:41:00;0;0;1;0;0
638;8;7;6;000:22:17:00;000:22:41:00;0;0;1;0;0
639;8;7;6;000:23:17:00;000:23:41:00;0;0;1;0;0
640;9;6;8;000:06:02:00;000:06:34:00;0;0;1;0;0
641;9;6;8;000:06:22:00;000:06:54:00;0;0;1;0;0
642;9;6;8;000:06:42:00;000:07:14:00;0;0;1;0;0
643;9;6;8;000:07:02:00;000:07:34:00;0;0;1;0;0
644;9;6;8;000:07:22:00;000:07:54:00;0;0;1;0;0
645;9;6;8;000:07:42:00;000:08:14:00;0;0;1;0;0
646;9;6;8;000:08:02:00;000:08:34:00;0;0;1;0;0
647;9;6;8;000:08:22:00;000:08:54:00;0;0;1;0;0
648;9;6;8;000:08:42:00;000:09:14:00;0;0;1;0;0
649;9;6;8;000:09:02:00;000:09:30:00;0;0;1;0;0
650;9;6;8;000:09:32:00;000:10:00:00;0;0;1;0;0
651;9;6;8;000:10:02:00;000:10:30:00;0;0;1;0;0
652;9;6;8;000:10:32:00;000:11:00:00;0;0;1;0;0
653;9;6;8;000:11:02:00;000:11:30:00;0;0;1;0;0
654;9;6;8;000:11:32:00;000:12:00:00;0;0;1;0;0
655;9;6;8;000:12:02:00;000:12:30:00;0;0;1;0;0
656;9;6;8;000:12:32:00;000:13:00:00;0;0;1;0;0
657;9;6;8;000:13:02:00;000:13:32:00;0;0;1;0;0
658;9;6;8;000:13:22:00;000:13:52:00;0;0;1;0;0
659;9;6;8;000:13:42:00;000:14:12:00;0;0;1;0;0
660;9;6;8;000:14:02:00;000:14:32:00;0;0;1;0;0
661;9;6;8;000:14:22:00;000:14:52:00;0;0;1;0;0
662;9;6;8;000:14:42:00;000:15:12:00;0;0;1;0;0
663;9;6;8;000:15:02:00;000:15:32:00;0;0;1;0;0
664;9;6;8;000:15:22:00;000:15:52:00;0;0;1;0;0
665;9;6;8;000:15:42:00;000:16:12:00;0;0;1;0;0
666;9;6;8;000:16:02:00;000:16:32:00;0;0;1;0;0
667;9;6;8;000:16:22:00;000:16:52:00;0;0;1;0;0
668;9;6;8;000:16:42:00;000:17:12:00;0;0;1;0;0
669;9;6;8;000:17:02:00;000:17:32:00;0;0;1;0;0
670;9;6;8;000:17:22:00;000:17:52:00;0;0;1;0;0
671;9;6;8;000:17:42:00;000:18:12:00;0;0;1;0;0
672;9;6;8;000:18:02:00;000:18:32:00;0;0;1;0;0
673;9;6;8;000:18:22:00;000:18:52:00;0;0;1;0;0
674;9;6;8;000:18:42:00;000:19:12:00;0;0;1;0;0
675;9;6;8;000:19:02:00;000:19:28:00;0;0;1;0;0
676;9;6;8;000:20:02:00;000:20:28:00;0;0;1;0;0
677;9;6;8;000:21:02:00;000:21:28:00;0;0;1;0;0
678;9;6;8;000:22:02:00;000:22:28:00;0;0;1;0;0
679;9;6;8;000:23:02:00;000:23:28:00;0;0;1;0;0
680;9;8;6;000:06:14:00;000:06:46:00;0;0;1;0;0
681;9;8;6;000:06:34:00;000:07:06:00;0;0;1;0;0
682;9;8;6;000:06:54:00;000:07:26:00;0;0;1;0;0
683;9;8;6;000:07:14:00;000:07:46:00;0;0;1;0;0
684;9;8;6;000:07:34:00;000:08:06:00;0;0;1;0;0
685;9;8;6;000:07:54:00;000:08:26:00;0;0;1;0;0
686;9;8;6;000:08:14:00;000:08:46:00;0;0;1;0;0
687;9;8;6;000:08:34:00;000:09:06:00;0;0;1;0;0
688;9;8;6;000:08:54:00;000:09:26:00;0;0;1;0;0
689;9;8;6;000:09:14:00;000:09:42:00;0;0;1;0;0
690;9;8;6;000:09:44:00;000:10:12:00;0;0;1;0;0
691;9;8;6;000:10:14:00;000:10:42:00;0;0;1;0;0
692;9;8;6;000:10:44:00;000:11:12:00;0;0;1;0;0
693;9;8;6;000:11:14:00;000:11:42:00;0;0;1;0;0
694;9;8;6;000:11:44:00;000:12:12:00;0;0;1;0;0
695;9;8;6;000:12:14:00;000:12:42:00;0;0;1;0;0
696;9;8;6;000:12:44:00;000:13:12:00;0;0;1;0;0
697;9;8;6;000:13:14:00;000:13:44:00;0;0;1;0;0
698;9;8;6;000:13:34:00;000:14:04:00;0;0;1;0;0
699;9;8;6;000:13:54:00;000:14:24:00;0;0;1;0;0
700;9;8;6;000:14:14:00;000:14:44:00;0;0;1;0;0
701;9;8;6;000:14:34:00;000:15:04:00;0;0;1;0;0
702;9;8;6;000:14:54:00;000:15:24:00;0;0;1;0;0
703;9;8;6;000:15:14:00;000:15:44:00;0;0;1;0;0
704;9;8;6;000:15:34:00;000:16:04:00;0;0;1;0;0
705;9;8;6;000:15:54:00;000:16:24:00;0;0;1;0;0
706;9;8;6;000:16:14:00;000:16:44:00;0;0;1;0;0
707;9;8;6;000:16:34:00;000:17:04:00;0;0;1;0;0
708;9;8;6;000:16:54:00;000:17:24:00;0;0;1;0;0
709;9;8;6;000:17:14:00;000:17:44:00;0;0;1;0;0
710;9;8;6;000:17:34:00;000:18:04:00;0;0;1;0;0
711;9;8;6;000:17:54:00;000:18:24:00;0;0;1;0;0
712;9;8;6;000:18:14:00;000:18:44:00;0;0;1;0;0
713;9;8;6;000:18:34:00;000:19:04:00;0;0;1;0;0
714;9;8;6;000:18:54:00;000:19:24:00;0;0;1;0;0
715;9;8;6;000:19:14:00;000:19:40:00;0;0;1;0;0
716;9;8;6;000:20:14:00;000:20:40:00;0;0;1;0;0
717;9;8;6;000:21:14:00;000:21:40:00;0;0;1;0;0
718;9;8;6;000:22:14:00;000:22:40:00;0;0;1;0;0
719;9;8;6;000:23:14:00;000:23:40:00;0;0;1;0;0
720;10;7;8;000:06:17:00;000:07:43:00;0;0;1;0;0
721;10;7;8;000:06:37:00;000:08:03:00;0;0;1;0;0
722;10;7;8;000:06:57:00;000:08:23:00;0;0;1;0;0
723;10;7;8;000:07:17:00;000:08:43:00;0;0;1;0;0
724;10;7;8;000:07:37:00;000:09:03:00;0;0;1;0;0
725;10;7;8;000:07:57:00;000:09:23:00;0;0;1;0;0
726;10;7;8;000:08:17:00;000:09:43:00;0;0;1;0;0
727;10;7;8;000:08:37:00;000:10:03:00;0;0;1;0;0
728;10;7;8;000:08:57:00;000:10:23:00;0;0;1;0;0
729;10;7;8;000:09:17:00;000:10:32:00;0;0;1;0;0
730;10;7;8;000:09:47:00;000:11:02:00;0;0;1;0;0
731;10;7;8;000:10:17:00;000:11:32:00;0;0;1;0;0
732;10;7;8;000:10:47:00;000:12:02:00;0;0;1;0;0
733;10;7;8;000:11:17:00;000:12:32:00;0;0;1;0;0
734;10;7;8;000:11:47:00;000:13:02:00;0;0;1;0;0
735;10;7;8;000:12:17:00;000:13:32:00;0;0;1;0;0
736;10;7;8;000:12:47:00;000:14:02:00;0;0;1;0;0
737;10;7;8;000:13:17:00;000:14:37:00;0;0;1;0;0
738;10;7;8;000:13:37:00;000:14:57:00;0;0;1;0;0
739;10;7;8;000:13:57:00;000:15:17:00;0;0;1;0;0
740;10;7;8;000:14:17:00;000:15:37:00;0;0;1;0;0
741;10;7;8;000:14:37:00;000:15:57:00;0;0;1;0;0
742;10;7;8;000:14:57:00;000:16:17:00;0;0;1;0;0
743;10;7;8;000:15:17:00;000:16:37:00;0;0;1;0;0
744;10;7;8;000:15:37:00;000:16:57:00;0;0;1;0;0
745;10;7;8;000:15:57:00;000:17:17:00;0;0;1;0;0
746;10;7;8;000:16:17:00;000:17:37:00;0;0;1;0;0
747;10;7;8;000:16:37:00;000:17:57:00;0;0;1;0;0
748;10;7;8;000:16:57:00;000:18:17:00;0;0;1;0;0
749;10;7;8;000:17:17:00;000:18:37:00;0;0;1;0;0
750;10;7;8;000:17:37:00;000:18:57:00;0;0;1;0;0
751;10;7;8;000:17:57:00;000:19:17:00;0;0;1;0;0
752;10;7;8;000:18:17:00;000:19:37:00;0;0;1;0;0
753;10;7;8;000:18:37:00;000:19:57:00;0;0;1;0;0
754;10;7;8;000:18:57:00;000:20:17:00;0;0;1;0;0
755;10;7;8;000:19:17:00;000:20:26:00;0;0;1;0;0
756;10;7;8;000:20:17:00;000:21:26:00;0;0;1;0;0
757;10;7;8;000:21:17:00;000:22:26:00;0;0;1;0;0
758;10;7;8;000:22:17:00;000:23:26:00;0;0;1;0;0
759;10;7;8;000:23:17:00;001:00:26:00;0;0;1;0;0
760;10;8;7;000:06:00:00;000:07:26:00;0;0;1;0;0
761;10;8;7;000:06:20:00;000:07:46:00;0;0;1;0;0
762;10;8;7;000:06:40:00;000:08:06:00;0;0;1;0;0
763;10;8;7;000:07:00:00;000:08:26:00;0;0;1;0;0
764;10;8;7;000:07:20:00;000:08:46:00;0;0;1;0;0
765;10;8;7;000:07:40:00;000:09:06:00;0;0;1;0;0
766;10;8;7;000:08:00:00;000:09:26:00;0;0;1;0;0
767;10;8;7;000:08:20:00;000:09:46:00;0;0;1;0;0
768;10;8;7;000:08:40:00;000:10:06:00;0;0;1;0;0
769;10;8;7;000:09:00:00;000:10:15:00;0;0;1;0;0
770;10;8;7;000:09:30:00;000:10:45:00;0;0;1;0;0
771;10;8;7;000:10:00:00;000:11:15:00;0;0;1;0;0
772;10;8;7;000:10:30:00;000:11:45:00;0;0;1;0;0
773;10;8;7;000:11:00:00;000:12:15:00;0;0;1;0;0
774;10;8;7;000:11:30:00;000:12:45:00;0;0;1;0;0
775;10;8;7;000:12:00:00;000:13:15:00;0;0;1;0;0
776;10;8;7;000:12:30:00;000:13:45:00;0;0;1;0;0
777;10;8;7;000:13:00:00;000:14:20:00;0;0;1;0;0
778;10;8;7;000:13:20:00;000:14:40:00;0;0;1;0;0
779;10;8;7;000:13:40:00;000:15:00:00;0;0;1;0;0
780;10;8;7;000:14:00:00;000:15:20:00;0;0;1;0;0
781;10;8;7;000:14:20:00;000:15:40:00;0;0;1;0;0
782;10;8;7;000:14:40:00;000:16:00:00;0;0;1;0;0
783;10;8;7;000:15:00:00;000:16:20:00;0;0;1;0;0
784;10;8;7;000:15:20:00;000:16:40:00;0;0;1;0;0
785;10;8;7;000:15:40:00;000:17:00:00;0;0;1;0;0
786;10;8;7;000:16:00:00;000:17:20:00;0;0;1;0;0
787;10;8;7;000:16:20:00;000:17:40:00;0;0;1;0;0
788;10;8;7;000:16:40:00;000:18:00:00;0;0;1;0;0
789;10;8;7;000:17:00:00;000:18:20:00;0;0;1;0;0
790;10;8;7;000:17:20:00;000:18:40:00;0;0;1;0;0
791;10;8;7;000:17:40:00;000:19:00:00;0;0;1;0;0
792;10;8;7;000:18:00:00;000:19:20:00;0;0;1;0;0
793;10;8;7;000:18:20:00;000:19:40:00;0;0;1;0;0
794;10;8;7;000:18:40:00;000:20:00:00;0;0;1;0;0
795;10;8;7;000:19:00:00;000:20:09:00;0;0;1;0;0
796;10;8;7;000:20:00:00;000:21:09:00;0;0;1;0;0
797;10;8;7;000:21:00:00;000:22:09:00;0;0;1;0;0
798;10;8;7;000:22:00:00;000:23:09:00;0;0;1;0;0
799;10;8;7;000:23:00:00;001:00:09:00;0;0;1;0;0
*
* Verbindungen
*
$DEADRUNTIME:FromStopID;ToStopID;FromTime;ToTime;Distance;RunTime
0;0;000:00:00:00;001:12:00:59;0;0
0;1;000:00:00:00;001:12:00:59;18333;1320
0;2;000:00:00:00;001:12:00:59;39166;2820
0;3;000:00:00:00;001:12:00:59;34999;2520
0;4;000:00:00:00;001:12:00:59;23333;1680
0;5;000:00:00:00;001:12:00:59;30833;2220
0;6;000:00:00:00;001:12:00:59;43333;3120
0;7;000:00:00:00;001:12:00:59;34999;2520
0;8;000:00:00:00;001:12:00:59;33333;2400
1;0;000:00:00:00;001:12:00:59;18333;1320
1;1;000:00:00:00;001:12:00:59;0;0
1;2;000:00:00:00;001:12:00:59;28332;2040
1;3;000:00:00:00;001:12:00:59;16666;1200
1;4;000:00:00:00;001:12:00:59;35000;2520
1;5;000:00:00:00;001:12:00:59;26666;1920
1;6;000:00:00:00;001:12:00:59;25000;1800
1;7;000:00:00:00;001:12:00:59;16666;1200
1;8;000:00:00:00;001:12:00:59;30832;2220
2;0;000:00:00:00;001:12:00:59;39166;2820
2;1;000:00:00:00;001:12:00:59;28332;2040
2;2;000:00:00:00;001:12:00:59;0;0
2;3;000:00:00:00;001:12:00:59;11666;840
2;4;000:00:00:00;001:12:00:59;24166;1740
2;5;000:00:00:00;001:12:00:59;10000;720
2;6;000:00:00:00;001:12:00:59;15000;1080
2;7;000:00:00:00;001:12:00:59;15000;1080
2;8;000:00:00:00;001:12:00:59;23333;1680
3;0;000:00:00:00;001:12:00:59;34999;2520
3;1;000:00:00:00;001:12:00:59;16666;1200
3;2;000:00:00:00;001:12:00:59;11666;840
3;3;000:00:00:00;001:12:00:59;0;0
3;4;000:00:00:00;001:12:00:59;29999;2160
3;5;000:00:00:00;001:12:00:59;21666;1560
3;6;000:00:00:00;001:12:00:59;15000;1080
3;7;000:00:00:00;001:12:00:59;13333;960
3;8;000:00:00:00;001:12:00:59;14166;1020
4;0;000:00:00:00;001:12:00:59;23333;1680
4;1;000:00:00:00;001:12:00:59;35000;2520
4;2;000:00:00:00;001:12:00:59;24166;1740
4;3;000:00:00:00;001:12:00:59;29999;2160
4;4;000:00:00:00;001:12:00:59;0;0
4;5;000:00:00:00;001:12:00:59;14166;1020
4;6;000:00:00:00;001:12:00:59;26666;1920
4;7;000:00:00:00;001:12:00:59;29166;2100
4;8;000:00:00:00;001:12:00:59;15833;1140
5;0;000:00:00:00;001:12:00:59;30833;2220
5;1;000:00:00:00;001:12:00:59;26666;1920
5;2;000:00:00:00;001:12:00:59;10000;720
5;3;000:00:00:00;001:12:00:59;21666;1560
5;4;000:00:00:00;001:12:00:59;14166;1020
5;5;000:00:00:00;001:12:00:59;0;0
5;6;000:00:00:00;001:12:00:59;25000;1800
5;7;000:00:00:00;001:12:00:59;25000;1800
5;8;000:00:00:00;001:12:00:59;29999;2160
6;0;000:00:00:00;001:12:00:59;43333;3120
6;1;000:00:00:00;001:12:00:59;25000;1800
6;2;000:00:00:00;001:12:00:59;15000;1080
6;3;000:00:00:00;001:12:00:59;15000;1080
6;4;000:00:00:00;001:12:00:59;26666;1920
6;5;000:00:00:00;001:12:00:59;25000;1800
6;6;000:00:00:00;001:12:00:59;0;0
6;7;000:00:00:00;001:12:00:59;14166;1020
6;8;000:00:00:00;001:12:00:59;15000;1080
7;0;000:00:00:00;001:12:00:59;34999;2520
7;1;000:00:00:00;001:12:00:59;16666;1200
7;2;000:00:00:00;001:12:00:59;15000;1080
7;3;000:00:00:00;001:12:00:59;13333;960
7;4;000:00:00:00;001:12:00:59;29166;2100
7;5;000:00:00:00;001:12:00:59;25000;1800
7;6;000:00:00:00;001:12:00:59;14166;1020
7;7;000:00:00:00;001:12:00:59;0;0
7;8;000:00:00:00;001:12:00:59;27499;1980
8;0;000:00:00:00;001:12:00:59;33333;2400
8;1;000:00:00:00;001:12:00:59;30832;2220
8;2;000:00:00:00;001:12:00:59;23333;1680
8;3;000:00:00:00;001:12:00:59;14166;1020
8;4;000:00:00:00;001:12:00:59;15833;1140
8;5;000:00:00:00;001:12:00:59;29999;2160
8;6;000:00:00:00;001:12:00:59;15000;1080
8;7;000:00:00:00;001:12:00:59;27499;1980
8;8;000:00:00:00;001:12:00:59;0;0
*
* Abloesepunkte
*
$RELIEFPOINT:ID;ServiceJourneyID;StoppointID;StopTime
0;0;4;000:06:16:00
1;0;5;000:06:46:00
2;1;4;000:06:36:00
3;1;5;000:07:06:00
4;2;4;000:06:56:00
5;2;5;000:07:26:00
6;3;4;000:07:16:00
7;3;5;000:07:46:00
8;4;4;000:07:36:00
9;4;5;000:08:06:00
10;5;4;000:07:56:00
11;5;5;000:08:26:00
12;6;4;000:08:16:00
13;6;5;000:08:46:00
14;7;4;000:08:36:00
15;7;5;000:09:06:00
16;8;4;000:08:56:00
17;8;5;000:09:26:00
18;9;4;000:09:16:00
19;9;5;000:09:42:00
20;10;4;000:09:46:00
21;10;5;000:10:12:00
22;11;4;000:10:16:00
23;11;5;000:10:42:00
24;12;4;000:10:46:00
25;12;5;000:11:12:00
26;13;4;000:11:16:00
27;13;5;000:11:42:00
28;14;4;000:11:46:00
29;14;5;000:12:12:00
30;15;4;000:12:16:00
31;15;5;000:12:42:00
32;16;4;000:12:46:00
33;16;5;000:13:12:00
34;17;4;000:13:16:00
35;17;5;000:13:44:00
36;18;4;000:13:36:00
37;18;5;000:14:04:00
38;19;4;000:13:56:00
39;19;5;000:14:24:00
40;20;4;000:14:16:00
41;20;5;000:14:44:00
42;21;4;000:14:36:00
43;21;5;000:15:04:00
44;22;4;000:14:56:00
45;22;5;000:15:24:00
46;23;4;000:15:16:00
47;23;5;000:15:44:00
48;24;4;000:15:36:00
49;24;5;000:16:04:00
50;25;4;000:15:56:00
51;25;5;000:16:24:00
52;26;4;000:16:16:00
53;26;5;000:16:44:00
54;27;4;000:16:36:00
55;27;5;000:17:04:00
56;28;4;000:16:56:00
57;28;5;000:17:24:00
58;29;4;000:17:16:00
59;29;5;000:17:44:00
60;30;4;000:17:36:00
61;30;5;000:18:04:00
62;31;4;000:17:56:00
63;31;5;000:18:24:00
64;32;4;000:18:16:00
65;32;5;000:18:44:00
66;33;4;000:18:36:00
67;33;5;000:19:04:00
68;34;4;000:18:56:00
69;34;5;000:19:24:00
70;35;4;000:19:16:00
71;35;5;000:19:40:00
72;36;4;000:20:16:00
73;36;5;000:20:40:00
74;37;4;000:21:16:00
75;37;5;000:21:40:00
76;38;4;000:22:16:00
77;38;5;000:22:40:00
78;39;4;000:23:16:00
79;39;5;000:23:40:00
80;40;5;000:06:04:00
81;40;4;000:06:34:00
82;41;5;000:06:24:00
83;41;4;000:06:54:00
84;42;5;000:06:44:00
85;42;4;000:07:14:00
86;43;5;000:07:04:00
87;43;4;000:07:34:00
88;44;5;000:07:24:00
89;44;4;000:07:54:00
90;45;5;000:07:44:00
91;45;4;000:08:14:00
92;46;5;000:08:04:00
93;46;4;000:08:34:00
94;47;5;000:08:24:00
95;47;4;000:08:54:00
96;48;5;000:08:44:00
97;48;4;000:09:14:00
98;49;5;000:09:04:00
99;49;4;000:09:30:00
100;50;5;000:09:34:00
101;50;4;000:10:00:00
102;51;5;000:10:04:00
103;51;4;000:10:30:00
104;52;5;000:10:34:00
105;52;4;000:11:00:00
106;53;5;000:11:04:00
107;53;4;000:11:30:00
108;54;5;000:11:34:00
109;54;4;000:12:00:00
110;55;5;000:12:04:00
111;55;4;000:12:30:00
112;56;5;000:12:34:00
113;56;4;000:13:00:00
114;57;5;000:13:04:00
115;57;4;000:13:32:00
116;58;5;000:13:24:00
117;58;4;000:13:52:00
118;59;5;000:13:44:00
119;59;4;000:14:12:00
120;60;5;000:14:04:00
121;60;4;000:14:32:00
122;61;5;000:14:24:00
123;61;4;000:14:52:00
124;62;5;000:14:44:00
125;62;4;000:15:12:00
126;63;5;000:15:04:00
127;63;4;000:15:32:00
128;64;5;000:15:24:00
129;64;4;000:15:52:00
130;65;5;000:15:44:00
131;65;4;000:16:12:00
132;66;5;000:16:04:00
133;66;4;000:16:32:00
134;67;5;000:16:24:00
135;67;4;000:16:52:00
136;68;5;000:16:44:00
137;68;4;000:17:12:00
138;69;5;000:17:04:00
139;69;4;000:17:32:00
140;70;5;000:17:24:00
141;70;4;000:17:52:00
142;71;5;000:17:44:00
143;71;4;000:18:12:00
144;72;5;000:18:04:00
145;72;4;000:18:32:00
146;73;5;000:18:24:00
147;73;4;000:18:52:00
148;74;5;000:18:44:00
149;74;4;000:19:12:00
150;75;5;000:19:04:00
151;75;4;000:19:28:00
152;76;5;000:20:04:00
153;76;4;000:20:28:00
154;77;5;000:21:04:00
155;77;4;000:21:28:00
156;78;5;000:22:04:00
157;78;4;000:22:28:00
158;79;5;000:23:04:00
159;79;4;000:23:28:00
160;80;4;000:06:05:00
161;80;6;000:07:03:00
162;81;4;000:06:25:00
163;81;6;000:07:23:00
164;82;4;000:06:45:00
165;82;6;000:07:43:00
166;83;4;000:07:05:00
167;83;6;000:08:03:00
168;84;4;000:07:25:00
169;84;6;000:08:23:00
170;85;4;000:07:45:00
171;85;6;000:08:43:00
172;86;4;000:08:05:00
173;86;6;000:09:03:00
174;87;4;000:08:25:00
175;87;6;000:09:23:00
176;88;4;000:08:45:00
177;88;6;000:09:43:00
178;89;4;000:09:05:00
179;89;6;000:09:56:00
180;90;4;000:09:35:00
181;90;6;000:10:26:00
182;91;4;000:10:05:00
183;91;6;000:10:56:00
184;92;4;000:10:35:00
185;92;6;000:11:26:00
186;93;4;000:11:05:00
187;93;6;000:11:56:00
188;94;4;000:11:35:00
189;94;6;000:12:26:00
190;95;4;000:12:05:00
191;95;6;000:12:56:00
192;96;4;000:12:35:00
193;96;6;000:13:26:00
194;97;4;000:13:05:00
195;97;6;000:13:59:00
196;98;4;000:13:25:00
197;98;6;000:14:19:00
198;99;4;000:13:45:00
199;99;6;000:14:39:00
200;100;4;000:14:05:00
201;100;6;000:14:59:00
202;101;4;000:14:25:00
203;101;6;000:15:19:00
204;102;4;000:14:45:00
205;102;6;000:15:39:00
206;103;4;000:15:05:00
207;103;6;000:15:59:00
208;104;4;000:15:25:00
209;104;6;000:16:19:00
210;105;4;000:15:45:00
211;105;6;000:16:39:00
212;106;4;000:16:05:00
213;106;6;000:16:59:00
214;107;4;000:16:25:00
215;107;6;000:17:19:00
216;108;4;000:16:45:00
217;108;6;000:17:39:00
218;109;4;000:17:05:00
219;109;6;000:17:59:00
220;110;4;000:17:25:00
221;110;6;000:18:19:00
222;111;4;000:17:45:00
223;111;6;000:18:39:00
224;112;4;000:18:05:00
225;112;6;000:18:59:00
226;113;4;000:18:25:00
227;113;6;000:19:19:00
228;114;4;000:18:45:00
229;114;6;000:19:39:00
230;115;4;000:19:05:00
231;115;6;000:19:51:00
232;116;4;000:20:05:00
233;116;6;000:20:51:00
234;117;4;000:21:05:00
235;117;6;000:21:51:00
236;118;4;000:22:05:00
237;118;6;000:22:51:00
238;119;4;000:23:05:00
239;119;6;000:23:51:00
240;120;6;000:06:08:00
241;120;4;000:07:06:00
242;121;6;000:06:28:00
243;121;4;000:07:26:00
244;122;6;000:06:48:00
245;122;4;000:07:46:00
246;123;6;000:07:08:00
247;123;4;000:08:06:00
248;124;6;000:07:28:00
249;124;4;000:08:26:00
250;125;6;000:07:48:00
251;125;4;000:08:46:00
252;126;6;000:08:08:00
253;126;4;000:09:06:00
254;127;6;000:08:28:00
255;127;4;000:09:26:00
256;128;6;000:08:48:00
257;128;4;000:09:46:00
258;129;6;000:09:08:00
259;129;4;000:09:59:00
260;130;6;000:09:38:00
261;130;4;000:10:29:00
262;131;6;000:10:08:00
263;131;4;000:10:59:00
264;132;6;000:10:38:00
265;132;4;000:11:29:00
266;133;6;000:11:08:00
267;133;4;000:11:59:00
268;134;6;000:11:38:00
269;134;4;000:12:29:00
270;135;6;000:12:08:00
271;135;4;000:12:59:00
272;136;6;000:12:38:00
273;136;4;000:13:29:00
274;137;6;000:13:08:00
275;137;4;000:14:02:00
276;138;6;000:13:28:00
277;138;4;000:14:22:00
278;139;6;000:13:48:00
279;139;4;000:14:42:00
280;140;6;000:14:08:00
281;140;4;000:15:02:00
282;141;6;000:14:28:00
283;141;4;000:15:22:00
284;142;6;000:14:48:00
285;142;4;000:15:42:00
286;143;6;000:15:08:00
287;143;4;000:16:02:00
288;144;6;000:15:28:00
289;144;4;000:16:22:00
290;145;6;000:15:48:00
291;145;4;000:16:42:00
292;146;6;000:16:08:00
293;146;4;000:17:02:00
294;147;6;000:16:28:00
295;147;4;000:17:22:00
296;148;6;000:16:48:00
297;148;4;000:17:42:00
298;149;6;000:17:08:00
299;149;4;000:18:02:00
300;150;6;000:17:28:00
301;150;4;000:18:22:00
302;151;6;000:17:48:00
303;151;4;000:18:42:00
304;152;6;000:18:08:00
305;152;4;000:19:02:00
306;153;6;000:18:28:00
307;153;4;000:19:22:00
308;154;6;000:18:48:00
309;154;4;000:19:42:00
310;155;6;000:19:08:00
311;155;4;000:19:54:00
312;156;6;000:20:08:00
313;156;4;000:20:54:00
314;157;6;000:21:08:00
315;157;4;000:21:54:00
316;158;6;000:22:08:00
317;158;4;000:22:54:00
318;159;6;000:23:08:00
319;159;4;000:23:54:00
320;160;4;000:06:08:00
321;160;7;000:07:10:00
322;161;4;000:06:28:00
323;161;7;000:07:30:00
324;162;4;000:06:48:00
325;162;7;000:07:50:00
326;163;4;000:07:08:00
327;163;7;000:08:10:00
328;164;4;000:07:28:00
329;164;7;000:08:30:00
330;165;4;000:07:48:00
331;165;7;000:08:50:00
332;166;4;000:08:08:00
333;166;7;000:09:10:00
334;167;4;000:08:28:00
335;167;7;000:09:30:00
336;168;4;000:08:48:00
337;168;7;000:09:50:00
338;169;4;000:09:08:00
339;169;7;000:10:02:00
340;170;4;000:09:38:00
341;170;7;000:10:32:00
342;171;4;000:10:08:00
343;171;7;000:11:02:00
344;172;4;000:10:38:00
345;172;7;000:11:32:00
346;173;4;000:11:08:00
347;173;7;000:12:02:00
348;174;4;000:11:38:00
349;174;7;000:12:32:00
350;175;4;000:12:08:00
351;175;7;000:13:02:00
352;176;4;000:12:38:00
353;176;7;000:13:32:00
354;177;4;000:13:08:00
355;177;7;000:14:06:00
356;178;4;000:13:28:00
357;178;7;000:14:26:00
358;179;4;000:13:48:00
359;179;7;000:14:46:00
360;180;4;000:14:08:00
361;180;7;000:15:06:00
362;181;4;000:14:28:00
363;181;7;000:15:26:00
364;182;4;000:14:48:00
365;182;7;000:15:46:00
366;183;4;000:15:08:00
367;183;7;000:16:06:00
368;184;4;000:15:28:00
369;184;7;000:16:26:00
370;185;4;000:15:48:00
371;185;7;000:16:46:00
372;186;4;000:16:08:00
373;186;7;000:17:06:00
374;187;4;000:16:28:00
375;187;7;000:17:26:00
376;188;4;000:16:48:00
377;188;7;000:17:46:00
378;189;4;000:17:08:00
379;189;7;000:18:06:00
380;190;4;000:17:28:00
381;190;7;000:18:26:00
382;191;4;000:17:48:00
383;191;7;000:18:46:00
384;192;4;000:18:08:00
385;192;7;000:19:06:00
386;193;4;000:18:28:00
387;193;7;000:19:26:00
388;194;4;000:18:48:00
389;194;7;000:19:46:00
390;195;4;000:19:08:00
391;195;7;000:19:58:00
392;196;4;000:20:08:00
393;196;7;000:20:58:00
394;197;4;000:21:08:00
395;197;7;000:21:58:00
396;198;4;000:22:08:00
397;198;7;000:22:58:00
398;199;4;000:23:08:00
399;199;7;000:23:58:00
400;200;7;000:06:13:00
401;200;4;000:07:15:00
402;201;7;000:06:33:00
403;201;4;000:07:35:00
404;202;7;000:06:53:00
405;202;4;000:07:55:00
406;203;7;000:07:13:00
407;203;4;000:08:15:00
408;204;7;000:07:33:00
409;204;4;000:08:35:00
410;205;7;000:07:53:00
411;205;4;000:08:55:00
412;206;7;000:08:13:00
413;206;4;000:09:15:00
414;207;7;000:08:33:00
415;207;4;000:09:35:00
416;208;7;000:08:53:00
417;208;4;000:09:55:00
418;209;7;000:09:13:00
419;209;4;000:10:07:00
420;210;7;000:09:43:00
421;210;4;000:10:37:00
422;211;7;000:10:13:00
423;211;4;000:11:07:00
424;212;7;000:10:43:00
425;212;4;000:11:37:00
426;213;7;000:11:13:00
427;213;4;000:12:07:00
428;214;7;000:11:43:00
429;214;4;000:12:37:00
430;215;7;000:12:13:00
431;215;4;000:13:07:00
432;216;7;000:12:43:00
433;216;4;000:13:37:00
434;217;7;000:13:13:00
435;217;4;000:14:11:00
436;218;7;000:13:33:00
437;218;4;000:14:31:00
438;219;7;000:13:53:00
439;219;4;000:14:51:00
440;220;7;000:14:13:00
441;220;4;000:15:11:00
442;221;7;000:14:33:00
443;221;4;000:15:31:00
444;222;7;000:14:53:00
445;222;4;000:15:51:00
446;223;7;000:15:13:00
447;223;4;000:16:11:00
448;224;7;000:15:33:00
449;224;4;000:16:31:00
450;225;7;000:15:53:00
451;225;4;000:16:51:00
452;226;7;000:16:13:00
453;226;4;000:17:11:00
454;227;7;000:16:33:00
455;227;4;000:17:31:00
456;228;7;000:16:53:00
457;228;4;000:17:51:00
458;229;7;000:17:13:00
459;229;4;000:18:11:00
460;230;7;000:17:33:00
461;230;4;000:18:31:00
462;231;7;000:17:53:00
463;231;4;000:18:51:00
464;232;7;000:18:13:00
465;232;4;000:19:11:00
466;233;7;000:18:33:00
467;233;4;000:19:31:00
468;234;7;000:18:53:00
469;234;4;000:19:51:00
470;235;7;000:19:13:00
471;235;4;000:20:03:00
472;236;7;000:20:13:00
473;236;4;000:21:03:00
474;237;7;000:21:13:00
475;237;4;000:22:03:00
476;238;7;000:22:13:00
477;238;4;000:23:03:00
478;239;7;000:23:13:00
479;239;4;001:00:03:00
480;240;4;000:06:07:00
481;240;8;000:06:41:00
482;241;4;000:06:27:00
483;241;8;000:07:01:00
484;242;4;000:06:47:00
485;242;8;000:07:21:00
486;243;4;000:07:07:00
487;243;8;000:07:41:00
488;244;4;000:07:27:00
489;244;8;000:08:01:00
490;245;4;000:07:47:00
491;245;8;000:08:21:00
492;246;4;000:08:07:00
493;246;8;000:08:41:00
494;247;4;000:08:27:00
495;247;8;000:09:01:00
496;248;4;000:08:47:00
497;248;8;000:09:21:00
498;249;4;000:09:07:00
499;249;8;000:09:37:00
500;250;4;000:09:37:00
501;250;8;000:10:07:00
502;251;4;000:10:07:00
503;251;8;000:10:37:00
504;252;4;000:10:37:00
505;252;8;000:11:07:00
506;253;4;000:11:07:00
507;253;8;000:11:37:00
508;254;4;000:11:37:00
509;254;8;000:12:07:00
510;255;4;000:12:07:00
511;255;8;000:12:37:00
512;256;4;000:12:37:00
513;256;8;000:13:07:00
514;257;4;000:13:07:00
515;257;8;000:13:39:00
516;258;4;000:13:27:00
517;258;8;000:13:59:00
518;259;4;000:13:47:00
519;259;8;000:14:19:00
520;260;4;000:14:07:00
521;260;8;000:14:39:00
522;261;4;000:14:27:00
523;261;8;000:14:59:00
524;262;4;000:14:47:00
525;262;8;000:15:19:00
526;263;4;000:15:07:00
527;263;8;000:15:39:00
528;264;4;000:15:27:00
529;264;8;000:15:59:00
530;265;4;000:15:47:00
531;265;8;000:16:19:00
532;266;4;000:16:07:00
533;266;8;000:16:39:00
534;267;4;000:16:27:00
535;267;8;000:16:59:00
536;268;4;000:16:47:00
537;268;8;000:17:19:00
538;269;4;000:17:07:00
539;269;8;000:17:39:00
540;270;4;000:17:27:00
541;270;8;000:17:59:00
542;271;4;000:17:47:00
543;271;8;000:18:19:00
544;272;4;000:18:07:00
545;272;8;000:18:39:00
546;273;4;000:18:27:00
547;273;8;000:18:59:00
548;274;4;000:18:47:00
549;274;8;000:19:19:00
550;275;4;000:19:07:00
551;275;8;000:19:34:00
552;276;4;000:20:07:00
553;276;8;000:20:34:00
554;277;4;000:21:07:00
555;277;8;000:21:34:00
556;278;4;000:22:07:00
557;278;8;000:22:34:00
558;279;4;000:23:07:00
559;279;8;000:23:34:00
560;280;8;000:06:17:00
561;280;4;000:06:51:00
562;281;8;000:06:37:00
563;281;4;000:07:11:00
564;282;8;000:06:57:00
565;282;4;000:07:31:00
566;283;8;000:07:17:00
567;283;4;000:07:51:00
568;284;8;000:07:37:00
569;284;4;000:08:11:00
570;285;8;000:07:57:00
571;285;4;000:08:31:00
572;286;8;000:08:17:00
573;286;4;000:08:51:00
574;287;8;000:08:37:00
575;287;4;000:09:11:00
576;288;8;000:08:57:00
577;288;4;000:09:31:00
578;289;8;000:09:17:00
579;289;4;000:09:47:00
580;290;8;000:09:47:00
581;290;4;000:10:17:00
582;291;8;000:10:17:00
583;291;4;000:10:47:00
584;292;8;000:10:47:00
585;292;4;000:11:17:00
586;293;8;000:11:17:00
587;293;4;000:11:47:00
588;294;8;000:11:47:00
589;294;4;000:12:17:00
590;295;8;000:12:17:00
591;295;4;000:12:47:00
592;296;8;000:12:47:00
593;296;4;000:13:17:00
594;297;8;000:13:17:00
595;297;4;000:13:49:00
596;298;8;000:13:37:00
597;298;4;000:14:09:00
598;299;8;000:13:57:00
599;299;4;000:14:29:00
600;300;8;000:14:17:00
601;300;4;000:14:49:00
602;301;8;000:14:37:00
603;301;4;000:15:09:00
604;302;8;000:14:57:00
605;302;4;000:15:29:00
606;303;8;000:15:17:00
607;303;4;000:15:49:00
608;304;8;000:15:37:00
609;304;4;000:16:09:00
610;305;8;000:15:57:00
611;305;4;000:16:29:00
612;306;8;000:16:17:00
613;306;4;000:16:49:00
614;307;8;000:16:37:00
615;307;4;000:17:09:00
616;308;8;000:16:57:00
617;308;4;000:17:29:00
618;309;8;000:17:17:00
619;309;4;000:17:49:00
620;310;8;000:17:37:00
621;310;4;000:18:09:00
622;311;8;000:17:57:00
623;311;4;000:18:29:00
624;312;8;000:18:17:00
625;312;4;000:18:49:00
626;313;8;000:18:37:00
627;313;4;000:19:09:00
628;314;8;000:18:57:00
629;314;4;000:19:29:00
630;315;8;000:19:17:00
631;315;4;000:19:44:00
632;316;8;000:20:17:00
633;316;4;000:20:44:00
634;317;8;000:21:17:00
635;317;4;000:21:44:00
636;318;8;000:22:17:00
637;318;4;000:22:44:00
638;319;8;000:23:17:00
639;319;4;000:23:44:00
640;320;5;000:06:10:00
641;320;6;000:07:08:00
642;321;5;000:06:30:00
643;321;6;000:07:28:00
644;322;5;000:06:50:00
645;322;6;000:07:48:00
646;323;5;000:07:10:00
647;323;6;000:08:08:00
648;324;5;000:07:30:00
649;324;6;000:08:28:00
650;325;5;000:07:50:00
651;325;6;000:08:48:00
652;326;5;000:08:10:00
653;326;6;000:09:08:00
654;327;5;000:08:30:00
655;327;6;000:09:28:00
656;328;5;000:08:50:00
657;328;6;000:09:48:00
658;329;5;000:09:10:00
659;329;6;000:10:01:00
660;330;5;000:09:40:00
661;330;6;000:10:31:00
662;331;5;000:10:10:00
663;331;6;000:11:01:00
664;332;5;000:10:40:00
665;332;6;000:11:31:00
666;333;5;000:11:10:00
667;333;6;000:12:01:00
668;334;5;000:11:40:00
669;334;6;000:12:31:00
670;335;5;000:12:10:00
671;335;6;000:13:01:00
672;336;5;000:12:40:00
673;336;6;000:13:31:00
674;337;5;000:13:10:00
675;337;6;000:14:04:00
676;338;5;000:13:30:00
677;338;6;000:14:24:00
678;339;5;000:13:50:00
679;339;6;000:14:44:00
680;340;5;000:14:10:00
681;340;6;000:15:04:00
682;341;5;000:14:30:00
683;341;6;000:15:24:00
684;342;5;000:14:50:00
685;342;6;000:15:44:00
686;343;5;000:15:10:00
687;343;6;000:16:04:00
688;344;5;000:15:30:00
689;344;6;000:16:24:00
690;345;5;000:15:50:00
691;345;6;000:16:44:00
692;346;5;000:16:10:00
693;346;6;000:17:04:00
694;347;5;000:16:30:00
695;347;6;000:17:24:00
696;348;5;000:16:50:00
697;348;6;000:17:44:00
698;349;5;000:17:10:00
699;349;6;000:18:04:00
700;350;5;000:17:30:00
701;350;6;000:18:24:00
702;351;5;000:17:50:00
703;351;6;000:18:44:00
704;352;5;000:18:10:00
705;352;6;000:19:04:00
706;353;5;000:18:30:00
707;353;6;000:19:24:00
708;354;5;000:18:50:00
709;354;6;000:19:44:00
710;355;5;000:19:10:00
711;355;6;000:19:56:00
712;356;5;000:20:10:00
713;356;6;000:20:56:00
714;357;5;000:21:10:00
715;357;6;000:21:56:00
716;358;5;000:22:10:00
717;358;6;000:22:56:00
718;359;5;000:23:10:00
719;359;6;000:23:56:00
720;360;6;000:06:01:00
721;360;5;000:06:59:00
722;361;6;000:06:21:00
723;361;5;000:07:19:00
724;362;6;000:06:41:00
725;362;5;000:07:39:00
726;363;6;000:07:01:00
727;363;5;000:07:59:00
728;364;6;000:07:21:00
729;364;5;000:08:19:00
730;365;6;000:07:41:00
731;365;5;000:08:39:00
732;366;6;000:08:01:00
733;366;5;000:08:59:00
734;367;6;000:08:21:00
735;367;5;000:09:19:00
736;368;6;000:08:41:00
737;368;5;000:09:39:00
738;369;6;000:09:01:00
739;369;5;000:09:52:00
740;370;6;000:09:31:00
741;370;5;000:10:22:00
742;371;6;000:10:01:00
743;371;5;000:10:52:00
744;372;6;000:10:31:00
745;372;5;000:11:22:00
746;373;6;000:11:01:00
747;373;5;000:11:52:00
748;374;6;000:11:31:00
749;374;5;000:12:22:00
750;375;6;000:12:01:00
751;375;5;000:12:52:00
752;376;6;000:12:31:00
753;376;5;000:13:22:00
754;377;6;000:13:01:00
755;377;5;000:13:55:00
756;378;6;000:13:21:00
757;378;5;000:14:15:00
758;379;6;000:13:41:00
759;379;5;000:14:35:00
760;380;6;000:14:01:00
761;380;5;000:14:55:00
762;381;6;000:14:21:00
763;381;5;000:15:15:00
764;382;6;000:14:41:00
765;382;5;000:15:35:00
766;383;6;000:15:01:00
767;383;5;000:15:55:00
768;384;6;000:15:21:00
769;384;5;000:16:15:00
770;385;6;000:15:41:00
771;385;5;000:16:35:00
772;386;6;000:16:01:00
773;386;5;000:16:55:00
774;387;6;000:16:21:00
775;387;5;000:17:15:00
776;388;6;000:16:41:00
777;388;5;000:17:35:00
778;389;6;000:17:01:00
779;389;5;000:17:55:00
780;390;6;000:17:21:00
781;390;5;000:18:15:00
782;391;6;000:17:41:00
783;391;5;000:18:35:00
784;392;6;000:18:01:00
785;392;5;000:18:55:00
786;393;6;000:18:21:00
787;393;5;000:19:15:00
788;394;6;000:18:41:00
789;394;5;000:19:35:00
790;395;6;000:19:01:00
791;395;5;000:19:47:00
792;396;6;000:20:01:00
793;396;5;000:20:47:00
794;397;6;000:21:01:00
795;397;5;000:21:47:00
796;398;6;000:22:01:00
797;398;5;000:22:47:00
798;399;6;000:23:01:00
799;399;5;000:23:47:00
800;400;5;000:06:12:00
801;400;7;000:07:31:00
802;401;5;000:06:32:00
803;401;7;000:07:51:00
804;402;5;000:06:52:00
805;402;7;000:08:11:00
806;403;5;000:07:12:00
807;403;7;000:08:31:00
808;404;5;000:07:32:00
809;404;7;000:08:51:00
810;405;5;000:07:52:00
811;405;7;000:09:11:00
812;406;5;000:08:12:00
813;406;7;000:09:31:00
814;407;5;000:08:32:00
815;407;7;000:09:51:00
816;408;5;000:08:52:00
817;408;7;000:10:11:00
818;409;5;000:09:12:00
819;409;7;000:10:21:00
820;410;5;000:09:42:00
821;410;7;000:10:51:00
822;411;5;000:10:12:00
823;411;7;000:11:21:00
824;412;5;000:10:42:00
825;412;7;000:11:51:00
826;413;5;000:11:12:00
827;413;7;000:12:21:00
828;414;5;000:11:42:00
829;414;7;000:12:51:00
830;415;5;000:12:12:00
831;415;7;000:13:21:00
832;416;5;000:12:42:00
833;416;7;000:13:51:00
834;417;5;000:13:12:00
835;417;7;000:14:26:00
836;418;5;000:13:32:00
837;418;7;000:14:46:00
838;419;5;000:13:52:00
839;419;7;000:15:06:00
840;420;5;000:14:12:00
841;420;7;000:15:26:00
842;421;5;000:14:32:00
843;421;7;000:15:46:00
844;422;5;000:14:52:00
845;422;7;000:16:06:00
846;423;5;000:15:12:00
847;423;7;000:16:26:00
848;424;5;000:15:32:00
849;424;7;000:16:46:00
850;425;5;000:15:52:00
851;425;7;000:17:06:00
852;426;5;000:16:12:00
853;426;7;000:17:26:00
854;427;5;000:16:32:00
855;427;7;000:17:46:00
856;428;5;000:16:52:00
857;428;7;000:18:06:00
858;429;5;000:17:12:00
859;429;7;000:18:26:00
860;430;5;000:17:32:00
861;430;7;000:18:46:00
862;431;5;000:17:52:00
863;431;7;000:19:06:00
864;432;5;000:18:12:00
865;432;7;000:19:26:00
866;433;5;000:18:32:00
867;433;7;000:19:46:00
868;434;5;000:18:52:00
869;434;7;000:20:06:00
870;435;5;000:19:12:00
871;435;7;000:20:15:00
872;436;5;000:20:12:00
873;436;7;000:21:15:00
874;437;5;000:21:12:00
875;437;7;000:22:15:00
876;438;5;000:22:12:00
877;438;7;000:23:15:00
878;439;5;000:23:12:00
879;439;7;001:00:15:00
880;440;7;000:06:01:00
881;440;5;000:07:20:00
882;441;7;000:06:21:00
883;441;5;000:07:40:00
884;442;7;000:06:41:00
885;442;5;000:08:00:00
886;443;7;000:07:01:00
887;443;5;000:08:20:00
888;444;7;000:07:21:00
889;444;5;000:08:40:00
890;445;7;000:07:41:00
891;445;5;000:09:00:00
892;446;7;000:08:01:00
893;446;5;000:09:20:00
894;447;7;000:08:21:00
895;447;5;000:09:40:00
896;448;7;000:08:41:00
897;448;5;000:10:00:00
898;449;7;000:09:01:00
899;449;5;000:10:10:00
900;450;7;000:09:31:00
901;450;5;000:10:40:00
902;451;7;000:10:01:00
903;451;5;000:11:10:00
904;452;7;000:10:31:00
905;452;5;000:11:40:00
906;453;7;000:11:01:00
907;453;5;000:12:10:00
908;454;7;000:11:31:00
909;454;5;000:12:40:00
910;455;7;000:12:01:00
911;455;5;000:13:10:00
912;456;7;000:12:31:00
913;456;5;000:13:40:00
914;457;7;000:13:01:00
915;457;5;000:14:15:00
916;458;7;000:13:21:00
917;458;5;000:14:35:00
918;459;7;000:13:41:00
919;459;5;000:14:55:00
920;460;7;000:14:01:00
921;460;5;000:15:15:00
922;461;7;000:14:21:00
923;461;5;000:15:35:00
924;462;7;000:14:41:00
925;462;5;000:15:55:00
926;463;7;000:15:01:00
927;463;5;000:16:15:00
928;464;7;000:15:21:00
929;464;5;000:16:35:00
930;465;7;000:15:41:00
931;465;5;000:16:55:00
932;466;7;000:16:01:00
933;466;5;000:17:15:00
934;467;7;000:16:21:00
935;467;5;000:17:35:00
936;468;7;000:16:41:00
937;468;5;000:17:55:00
938;469;7;000:17:01:00
939;469;5;000:18:15:00
940;470;7;000:17:21:00
941;470;5;000:18:35:00
942;471;7;000:17:41:00
943;471;5;000:18:55:00
944;472;7;000:18:01:00
945;472;5;000:19:15:00
946;473;7;000:18:21:00
947;473;5;000:19:35:00
948;474;7;000:18:41:00
949;474;5;000:19:55:00
950;475;7;000:19:01:00
951;475;5;000:20:04:00
952;476;7;000:20:01:00
953;476;5;000:21:04:00
954;477;7;000:21:01:00
955;477;5;000:22:04:00
956;478;7;000:22:01:00
957;478;5;000:23:04:00
958;479;7;000:23:01:00
959;479;5;001:00:04:00
960;480;5;000:06:09:00
961;480;8;000:07:50:00
962;481;5;000:06:29:00
963;481;8;000:08:10:00
964;482;5;000:06:49:00
965;482;8;000:08:30:00
966;483;5;000:07:09:00
967;483;8;000:08:50:00
968;484;5;000:07:29:00
969;484;8;000:09:10:00
970;485;5;000:07:49:00
971;485;8;000:09:30:00
972;486;5;000:08:09:00
973;486;8;000:09:50:00
974;487;5;000:08:29:00
975;487;8;000:10:10:00
976;488;5;000:08:49:00
977;488;8;000:10:30:00
978;489;5;000:09:09:00
979;489;8;000:10:37:00
980;490;5;000:09:39:00
981;490;8;000:11:07:00
982;491;5;000:10:09:00
983;491;8;000:11:37:00
984;492;5;000:10:39:00
985;492;8;000:12:07:00
986;493;5;000:11:09:00
987;493;8;000:12:37:00
988;494;5;000:11:39:00
989;494;8;000:13:07:00
990;495;5;000:12:09:00
991;495;8;000:13:37:00
992;496;5;000:12:39:00
993;496;8;000:14:07:00
994;497;5;000:13:09:00
995;497;8;000:14:43:00
996;498;5;000:13:29:00
997;498;8;000:15:03:00
998;499;5;000:13:49:00
999;499;8;000:15:23:00
1000;500;5;000:14:09:00
1001;500;8;000:15:43:00
1002;501;5;000:14:29:00
1003;501;8;000:16:03:00
1004;502;5;000:14:49:00
1005;502;8;000:16:23:00
1006;503;5;000:15:09:00
1007;503;8;000:16:43:00
1008;504;5;000:15:29:00
1009;504;8;000:17:03:00
1010;505;5;000:15:49:00
1011;505;8;000:17:23:00
1012;506;5;000:16:09:00
1013;506;8;000:17:43:00
1014;507;5;000:16:29:00
1015;507;8;000:18:03:00
1016;508;5;000:16:49:00
1017;508;8;000:18:23:00
1018;509;5;000:17:09:00
1019;509;8;000:18:43:00
1020;510;5;000:17:29:00
1021;510;8;000:19:03:00
1022;511;5;000:17:49:00
1023;511;8;000:19:23:00
1024;512;5;000:18:09:00
1025;512;8;000:19:43:00
1026;513;5;000:18:29:00
1027;513;8;000:20:03:00
1028;514;5;000:18:49:00
1029;514;8;000:20:23:00
1030;515;5;000:19:09:00
1031;515;8;000:20:30:00
1032;516;5;000:20:09:00
1033;516;8;000:21:30:00
1034;517;5;000:21:09:00
1035;517;8;000:22:30:00
1036;518;5;000:22:09:00
1037;518;8;000:23:30:00
1038;519;5;000:23:09:00
1039;519;8;001:00:30:00
1040;520;8;000:06:05:00
1041;520;5;000:07:46:00
1042;521;8;000:06:25:00
1043;521;5;000:08:06:00
1044;522;8;000:06:45:00
1045;522;5;000:08:26:00
1046;523;8;000:07:05:00
1047;523;5;000:08:46:00
1048;524;8;000:07:25:00
1049;524;5;000:09:06:00
1050;525;8;000:07:45:00
1051;525;5;000:09:26:00
1052;526;8;000:08:05:00
1053;526;5;000:09:46:00
1054;527;8;000:08:25:00
1055;527;5;000:10:06:00
1056;528;8;000:08:45:00
1057;528;5;000:10:26:00
1058;529;8;000:09:05:00
1059;529;5;000:10:33:00
1060;530;8;000:09:35:00
1061;530;5;000:11:03:00
1062;531;8;000:10:05:00
1063;531;5;000:11:33:00
1064;532;8;000:10:35:00
1065;532;5;000:12:03:00
1066;533;8;000:11:05:00
1067;533;5;000:12:33:00
1068;534;8;000:11:35:00
1069;534;5;000:13:03:00
1070;535;8;000:12:05:00
1071;535;5;000:13:33:00
1072;536;8;000:12:35:00
1073;536;5;000:14:03:00
1074;537;8;000:13:05:00
1075;537;5;000:14:39:00
1076;538;8;000:13:25:00
1077;538;5;000:14:59:00
1078;539;8;000:13:45:00
1079;539;5;000:15:19:00
1080;540;8;000:14:05:00
1081;540;5;000:15:39:00
1082;541;8;000:14:25:00
1083;541;5;000:15:59:00
1084;542;8;000:14:45:00
1085;542;5;000:16:19:00
1086;543;8;000:15:05:00
1087;543;5;000:16:39:00
1088;544;8;000:15:25:00
1089;544;5;000:16:59:00
1090;545;8;000:15:45:00
1091;545;5;000:17:19:00
1092;546;8;000:16:05:00
1093;546;5;000:17:39:00
1094;547;8;000:16:25:00
1095;547;5;000:17:59:00
1096;548;8;000:16:45:00
1097;548;5;000:18:19:00
1098;549;8;000:17:05:00
1099;549;5;000:18:39:00
1100;550;8;000:17:25:00
1101;550;5;000:18:59:00
1102;551;8;000:17:45:00
1103;551;5;000:19:19:00
1104;552;8;000:18:05:00
1105;552;5;000:19:39:00
1106;553;8;000:18:25:00
1107;553;5;000:19:59:00
1108;554;8;000:18:45:00
1109;554;5;000:20:19:00
1110;555;8;000:19:05:00
1111;555;5;000:20:26:00
1112;556;8;000:20:05:00
1113;556;5;000:21:26:00
1114;557;8;000:21:05:00
1115;557;5;000:22:26:00
1116;558;8;000:22:05:00
1117;558;5;000:23:26:00
1118;559;8;000:23:05:00
1119;559;5;001:00:26:00
1120;560;6;000:06:04:00
1121;560;7;000:06:34:00
1122;561;6;000:06:24:00
1123;561;7;000:06:54:00
1124;562;6;000:06:44:00
1125;562;7;000:07:14:00
1126;563;6;000:07:04:00
1127;563;7;000:07:34:00
1128;564;6;000:07:24:00
1129;564;7;000:07:54:00
1130;565;6;000:07:44:00
1131;565;7;000:08:14:00
1132;566;6;000:08:04:00
1133;566;7;000:08:34:00
1134;567;6;000:08:24:00
1135;567;7;000:08:54:00
1136;568;6;000:08:44:00
1137;568;7;000:09:14:00
1138;569;6;000:09:04:00
1139;569;7;000:09:30:00
1140;570;6;000:09:34:00
1141;570;7;000:10:00:00
1142;571;6;000:10:04:00
1143;571;7;000:10:30:00
1144;572;6;000:10:34:00
1145;572;7;000:11:00:00
1146;573;6;000:11:04:00
1147;573;7;000:11:30:00
1148;574;6;000:11:34:00
1149;574;7;000:12:00:00
1150;575;6;000:12:04:00
1151;575;7;000:12:30:00
1152;576;6;000:12:34:00
1153;576;7;000:13:00:00
1154;577;6;000:13:04:00
1155;577;7;000:13:32:00
1156;578;6;000:13:24:00
1157;578;7;000:13:52:00
1158;579;6;000:13:44:00
1159;579;7;000:14:12:00
1160;580;6;000:14:04:00
1161;580;7;000:14:32:00
1162;581;6;000:14:24:00
1163;581;7;000:14:52:00
1164;582;6;000:14:44:00
1165;582;7;000:15:12:00
1166;583;6;000:15:04:00
1167;583;7;000:15:32:00
1168;584;6;000:15:24:00
1169;584;7;000:15:52:00
1170;585;6;000:15:44:00
1171;585;7;000:16:12:00
1172;586;6;000:16:04:00
1173;586;7;000:16:32:00
1174;587;6;000:16:24:00
1175;587;7;000:16:52:00
1176;588;6;000:16:44:00
1177;588;7;000:17:12:00
1178;589;6;000:17:04:00
1179;589;7;000:17:32:00
1180;590;6;000:17:24:00
1181;590;7;000:17:52:00
1182;591;6;000:17:44:00
1183;591;7;000:18:12:00
1184;592;6;000:18:04:00
1185;592;7;000:18:32:00
1186;593;6;000:18:24:00
1187;593;7;000:18:52:00
1188;594;6;000:18:44:00
1189;594;7;000:19:12:00
1190;595;6;000:19:04:00
1191;595;7;000:19:28:00
1192;596;6;000:20:04:00
1193;596;7;000:20:28:00
1194;597;6;000:21:04:00
1195;597;7;000:21:28:00
1196;598;6;000:22:04:00
1197;598;7;000:22:28:00
1198;599;6;000:23:04:00
1199;599;7;000:23:28:00
1200;600;7;000:06:17:00
1201;600;6;000:06:47:00
1202;601;7;000:06:37:00
1203;601;6;000:07:07:00
1204;602;7;000:06:57:00
1205;602;6;000:07:27:00
1206;603;7;000:07:17:00
1207;603;6;000:07:47:00
1208;604;7;000:07:37:00
1209;604;6;000:08:07:00
1210;605;7;000:07:57:00
1211;605;6;000:08:27:00
1212;606;7;000:08:17:00
1213;606;6;000:08:47:00
1214;607;7;000:08:37:00
1215;607;6;000:09:07:00
1216;608;7;000:08:57:00
1217;608;6;000:09:27:00
1218;609;7;000:09:17:00
1219;609;6;000:09:43:00
1220;610;7;000:09:47:00
1221;610;6;000:10:13:00
1222;611;7;000:10:17:00
1223;611;6;000:10:43:00
1224;612;7;000:10:47:00
1225;612;6;000:11:13:00
1226;613;7;000:11:17:00
1227;613;6;000:11:43:00
1228;614;7;000:11:47:00
1229;614;6;000:12:13:00
1230;615;7;000:12:17:00
1231;615;6;000:12:43:00
1232;616;7;000:12:47:00
1233;616;6;000:13:13:00
1234;617;7;000:13:17:00
1235;617;6;000:13:45:00
1236;618;7;000:13:37:00
1237;618;6;000:14:05:00
1238;619;7;000:13:57:00
1239;619;6;000:14:25:00
1240;620;7;000:14:17:00
1241;620;6;000:14:45:00
1242;621;7;000:14:37:00
1243;621;6;000:15:05:00
1244;622;7;000:14:57:00
1245;622;6;000:15:25:00
1246;623;7;000:15:17:00
1247;623;6;000:15:45:00
1248;624;7;000:15:37:00
1249;624;6;000:16:05:00
1250;625;7;000:15:57:00
1251;625;6;000:16:25:00
1252;626;7;000:16:17:00
1253;626;6;000:16:45:00
1254;627;7;000:16:37:00
1255;627;6;000:17:05:00
1256;628;7;000:16:57:00
1257;628;6;000:17:25:00
1258;629;7;000:17:17:00
1259;629;6;000:17:45:00
1260;630;7;000:17:37:00
1261;630;6;000:18:05:00
1262;631;7;000:17:57:00
1263;631;6;000:18:25:00
1264;632;7;000:18:17:00
1265;632;6;000:18:45:00
1266;633;7;000:18:37:00
1267;633;6;000:19:05:00
1268;634;7;000:18:57:00
1269;634;6;000:19:25:00
1270;635;7;000:19:17:00
1271;635;6;000:19:41:00
1272;636;7;000:20:17:00
1273;636;6;000:20:41:00
1274;637;7;000:21:17:00
1275;637;6;000:21:41:00
1276;638;7;000:22:17:00
1277;638;6;000:22:41:00
1278;639;7;000:23:17:00
1279;639;6;000:23:41:00
1280;640;6;000:06:02:00
1281;640;8;000:06:34:00
1282;641;6;000:06:22:00
1283;641;8;000:06:54:00
1284;642;6;000:06:42:00
1285;642;8;000:07:14:00
1286;643;6;000:07:02:00
1287;643;8;000:07:34:00
1288;644;6;000:07:22:00
1289;644;8;000:07:54:00
1290;645;6;000:07:42:00
1291;645;8;000:08:14:00
1292;646;6;000:08:02:00
1293;646;8;000:08:34:00
1294;647;6;000:08:22:00
1295;647;8;000:08:54:00
1296;648;6;000:08:42:00
1297;648;8;000:09:14:00
1298;649;6;000:09:02:00
1299;649;8;000:09:30:00
1300;650;6;000:09:32:00
1301;650;8;000:10:00:00
1302;651;6;000:10:02:00
1303;651;8;000:10:30:00
1304;652;6;000:10:32:00
1305;652;8;000:11:00:00
1306;653;6;000:11:02:00
1307;653;8;000:11:30:00
1308;654;6;000:11:32:00
1309;654;8;000:12:00:00
1310;655;6;000:12:02:00
1311;655;8;000:12:30:00
1312;656;6;000:12:32:00
1313;656;8;000:13:00:00
1314;657;6;000:13:02:00
1315;657;8;000:13:32:00
1316;658;6;000:13:22:00
1317;658;8;000:13:52:00
1318;659;6;000:13:42:00
1319;659;8;000:14:12:00
1320;660;6;000:14:02:00
1321;660;8;000:14:32:00
1322;661;6;000:14:22:00
1323;661;8;000:14:52:00
1324;662;6;000:14:42:00
1325;662;8;000:15:12:00
1326;663;6;000:15:02:00
1327;663;8;000:15:32:00
1328;664;6;000:15:22:00
1329;664;8;000:15:52:00
1330;665;6;000:15:42:00
1331;665;8;000:16:12:00
1332;666;6;000:16:02:00
1333;666;8;000:16:32:00
1334;667;6;000:16:22:00
1335;667;8;000:16:52:00
1336;668;6;000:16:42:00
1337;668;8;000:17:12:00
1338;669;6;000:17:02:00
1339;669;8;000:17:32:00
1340;670;6;000:17:22:00
1341;670;8;000:17:52:00
1342;671;6;000:17:42:00
1343;671;8;000:18:12:00
1344;672;6;000:18:02:00
1345;672;8;000:18:32:00
1346;673;6;000:18:22:00
1347;673;8;000:18:52:00
1348;674;6;000:18:42:00
1349;674;8;000:19:12:00
1350;675;6;000:19:02:00
1351;675;8;000:19:28:00
1352;676;6;000:20:02:00
1353;676;8;000:20:28:00
1354;677;6;000:21:02:00
1355;677;8;000:21:28:00
1356;678;6;000:22:02:00
1357;678;8;000:22:28:00
1358;679;6;000:23:02:00
1359;679;8;000:23:28:00
1360;680;8;000:06:14:00
1361;680;6;000:06:46:00
1362;681;8;000:06:34:00
1363;681;6;000:07:06:00
1364;682;8;000:06:54:00
1365;682;6;000:07:26:00
1366;683;8;000:07:14:00
1367;683;6;000:07:46:00
1368;684;8;000:07:34:00
1369;684;6;000:08:06:00
1370;685;8;000:07:54:00
1371;685;6;000:08:26:00
1372;686;8;000:08:14:00
1373;686;6;000:08:46:00
1374;687;8;000:08:34:00
1375;687;6;000:09:06:00
1376;688;8;000:08:54:00
1377;688;6;000:09:26:00
1378;689;8;000:09:14:00
1379;689;6;000:09:42:00
1380;690;8;000:09:44:00
1381;690;6;000:10:12:00
1382;691;8;000:10:14:00
1383;691;6;000:10:42:00
1384;692;8;000:10:44:00
1385;692;6;000:11:12:00
1386;693;8;000:11:14:00
1387;693;6;000:11:42:00
1388;694;8;000:11:44:00
1389;694;6;000:12:12:00
1390;695;8;000:12:14:00
1391;695;6;000:12:42:00
1392;696;8;000:12:44:00
1393;696;6;000:13:12:00
1394;697;8;000:13:14:00
1395;697;6;000:13:44:00
1396;698;8;000:13:34:00
1397;698;6;000:14:04:00
1398;699;8;000:13:54:00
1399;699;6;000:14:24:00
1400;700;8;000:14:14:00
1401;700;6;000:14:44:00
1402;701;8;000:14:34:00
1403;701;6;000:15:04:00
1404;702;8;000:14:54:00
1405;702;6;000:15:24:00
1406;703;8;000:15:14:00
1407;703;6;000:15:44:00
1408;704;8;000:15:34:00
1409;704;6;000:16:04:00
1410;705;8;000:15:54:00
1411;705;6;000:16:24:00
1412;706;8;000:16:14:00
1413;706;6;000:16:44:00
1414;707;8;000:16:34:00
1415;707;6;000:17:04:00
1416;708;8;000:16:54:00
1417;708;6;000:17:24:00
1418;709;8;000:17:14:00
1419;709;6;000:17:44:00
1420;710;8;000:17:34:00
1421;710;6;000:18:04:00
1422;711;8;000:17:54:00
1423;711;6;000:18:24:00
1424;712;8;000:18:14:00
1425;712;6;000:18:44:00
1426;713;8;000:18:34:00
1427;713;6;000:19:04:00
1428;714;8;000:18:54:00
1429;714;6;000:19:24:00
1430;715;8;000:19:14:00
1431;715;6;000:19:40:00
1432;716;8;000:20:14:00
1433;716;6;000:20:40:00
1434;717;8;000:21:14:00
1435;717;6;000:21:40:00
1436;718;8;000:22:14:00
1437;718;6;000:22:40:00
1438;719;8;000:23:14:00
1439;719;6;000:23:40:00
1440;720;7;000:06:17:00
1441;720;8;000:07:43:00
1442;721;7;000:06:37:00
1443;721;8;000:08:03:00
1444;722;7;000:06:57:00
1445;722;8;000:08:23:00
1446;723;7;000:07:17:00
1447;723;8;000:08:43:00
1448;724;7;000:07:37:00
1449;724;8;000:09:03:00
1450;725;7;000:07:57:00
1451;725;8;000:09:23:00
1452;726;7;000:08:17:00
1453;726;8;000:09:43:00
1454;727;7;000:08:37:00
1455;727;8;000:10:03:00
1456;728;7;000:08:57:00
1457;728;8;000:10:23:00
1458;729;7;000:09:17:00
1459;729;8;000:10:32:00
1460;730;7;000:09:47:00
1461;730;8;000:11:02:00
1462;731;7;000:10:17:00
1463;731;8;000:11:32:00
1464;732;7;000:10:47:00
1465;732;8;000:12:02:00
1466;733;7;000:11:17:00
1467;733;8;000:12:32:00
1468;734;7;000:11:47:00
1469;734;8;000:13:02:00
1470;735;7;000:12:17:00
1471;735;8;000:13:32:00
1472;736;7;000:12:47:00
1473;736;8;000:14:02:00
1474;737;7;000:13:17:00
1475;737;8;000:14:37:00
1476;738;7;000:13:37:00
1477;738;8;000:14:57:00
1478;739;7;000:13:57:00
1479;739;8;000:15:17:00
1480;740;7;000:14:17:00
1481;740;8;000:15:37:00
1482;741;7;000:14:37:00
1483;741;8;000:15:57:00
1484;742;7;000:14:57:00
1485;742;8;000:16:17:00
1486;743;7;000:15:17:00
1487;743;8;000:16:37:00
1488;744;7;000:15:37:00
1489;744;8;000:16:57:00
1490;745;7;000:15:57:00
1491;745;8;000:17:17:00
1492;746;7;000:16:17:00
1493;746;8;000:17:37:00
1494;747;7;000:16:37:00
1495;747;8;000:17:57:00
1496;748;7;000:16:57:00
1497;748;8;000:18:17:00
1498;749;7;000:17:17:00
1499;749;8;000:18:37:00
1500;750;7;000:17:37:00
1501;750;8;000:18:57:00
1502;751;7;000:17:57:00
1503;751;8;000:19:17:00
1504;752;7;000:18:17:00
1505;752;8;000:19:37:00
1506;753;7;000:18:37:00
1507;753;8;000:19:57:00
1508;754;7;000:18:57:00
1509;754;8;000:20:17:00
1510;755;7;000:19:17:00
1511;755;8;000:20:26:00
1512;756;7;000:20:17:00
1513;756;8;000:21:26:00
1514;757;7;000:21:17:00
1515;757;8;000:22:26:00
1516;758;7;000:22:17:00
1517;758;8;000:23:26:00
1518;759;7;000:23:17:00
1519;759;8;001:00:26:00
1520;760;8;000:06:00:00
1521;760;7;000:07:26:00
1522;761;8;000:06:20:00
1523;761;7;000:07:46:00
1524;762;8;000:06:40:00
1525;762;7;000:08:06:00
1526;763;8;000:07:00:00
1527;763;7;000:08:26:00
1528;764;8;000:07:20:00
1529;764;7;000:08:46:00
1530;765;8;000:07:40:00
1531;765;7;000:09:06:00
1532;766;8;000:08:00:00
1533;766;7;000:09:26:00
1534;767;8;000:08:20:00
1535;767;7;000:09:46:00
1536;768;8;000:08:40:00
1537;768;7;000:10:06:00
1538;769;8;000:09:00:00
1539;769;7;000:10:15:00
1540;770;8;000:09:30:00
1541;770;7;000:10:45:00
1542;771;8;000:10:00:00
1543;771;7;000:11:15:00
1544;772;8;000:10:30:00
1545;772;7;000:11:45:00
1546;773;8;000:11:00:00
1547;773;7;000:12:15:00
1548;774;8;000:11:30:00
1549;774;7;000:12:45:00
1550;775;8;000:12:00:00
1551;775;7;000:13:15:00
1552;776;8;000:12:30:00
1553;776;7;000:13:45:00
1554;777;8;000:13:00:00
1555;777;7;000:14:20:00
1556;778;8;000:13:20:00
1557;778;7;000:14:40:00
1558;779;8;000:13:40:00
1559;779;7;000:15:00:00
1560;780;8;000:14:00:00
1561;780;7;000:15:20:00
1562;781;8;000:14:20:00
1563;781;7;000:15:40:00
1564;782;8;000:14:40:00
1565;782;7;000:16:00:00
1566;783;8;000:15:00:00
1567;783;7;000:16:20:00
1568;784;8;000:15:20:00
1569;784;7;000:16:40:00
1570;785;8;000:15:40:00
1571;785;7;000:17:00:00
1572;786;8;000:16:00:00
1573;786;7;000:17:20:00
1574;787;8;000:16:20:00
1575;787;7;000:17:40:00
1576;788;8;000:16:40:00
1577;788;7;000:18:00:00
1578;789;8;000:17:00:00
1579;789;7;000:18:20:00
1580;790;8;000:17:20:00
1581;790;7;000:18:40:00
1582;791;8;000:17:40:00
1583;791;7;000:19:00:00
1584;792;8;000:18:00:00
1585;792;7;000:19:20:00
1586;793;8;000:18:20:00
1587;793;7;000:19:40:00
1588;794;8;000:18:40:00
1589;794;7;000:20:00:00
1590;795;8;000:19:00:00
1591;795;7;000:20:09:00
1592;796;8;000:20:00:00
1593;796;7;000:21:09:00
1594;797;8;000:21:00:00
1595;797;7;000:22:09:00
1596;798;8;000:22:00:00
1597;798;7;000:23:09:00
1598;799;8;000:23:00:00
1599;799;7;001:00:09:00
*
* Fusswegverbindungen
*
$WALKRUNTIME:FromStopID;ToStopID;FromTime;ToTime;RunTime
0;0;-006:-19:-45:00;008:02:15:00;0
0;1;-006:-19:-45:00;008:02:15:00;24780
0;2;-006:-19:-45:00;008:02:15:00;24780
0;3;-006:-19:-45:00;008:02:15:00;24780
0;4;-006:-19:-45:00;008:02:15:00;24780
0;5;-006:-19:-45:00;008:02:15:00;24780
0;6;-006:-19:-45:00;008:02:15:00;24780
0;7;-006:-19:-45:00;008:02:15:00;24780
0;8;-006:-19:-45:00;008:02:15:00;24780
1;0;-006:-19:-45:00;008:02:15:00;24780
1;1;-006:-19:-45:00;008:02:15:00;0
1;2;-006:-19:-45:00;008:02:15:00;24780
1;3;-006:-19:-45:00;008:02:15:00;24780
1;4;-006:-19:-45:00;008:02:15:00;24780
1;5;-006:-19:-45:00;008:02:15:00;24780
1;6;-006:-19:-45:00;008:02:15:00;24780
1;7;-006:-19:-45:00;008:02:15:00;24780
1;8;-006:-19:-45:00;008:02:15:00;24780
2;0;-006:-19:-45:00;008:02:15:00;24780
2;1;-006:-19:-45:00;008:02:15:00;24780
2;2;-006:-19:-45:00;008:02:15:00;0
2;3;-006:-19:-45:00;008:02:15:00;24780
2;4;-006:-19:-45:00;008:02:15:00;24780
2;5;-006:-19:-45:00;008:02:15:00;24780
2;6;-006:-19:-45:00;008:02:15:00;24780
2;7;-006:-19:-45:00;008:02:15:00;24780
2;8;-006:-19:-45:00;008:02:15:00;24780
3;0;-006:-19:-45:00;008:02:15:00;24780
3;1;-006:-19:-45:00;008:02:15:00;24780
3;2;-006:-19:-45:00;008:02:15:00;24780
3;3;-006:-19:-45:00;008:02:15:00;0
3;4;-006:-19:-45:00;008:02:15:00;24780
3;5;-006:-19:-45:00;008:02:15:00;24780
3;6;-006:-19:-45:00;008:02:15:00;24780
3;7;-006:-19:-45:00;008:02:15:00;24780
3;8;-006:-19:-45:00;008:02:15:00;24780
4;0;-006:-19:-45:00;008:02:15:00;24780
4;1;-006:-19:-45:00;008:02:15:00;24780
4;2;-006:-19:-45:00;008:02:15:00;24780
4;3;-006:-19:-45:00;008:02:15:00;24780
4;4;-006:-19:-45:00;008:02:15:00;0
4;5;-006:-19:-45:00;008:02:15:00;24780
4;6;-006:-19:-45:00;008:02:15:00;24780
4;7;-006:-19:-45:00;008:02:15:00;24780
4;8;-006:-19:-45:00;008:02:15:00;24780
5;0;-006:-19:-45:00;008:02:15:00;24780
5;1;-006:-19:-45:00;008:02:15:00;24780
5;2;-006:-19:-45:00;008:02:15:00;24780
5;3;-006:-19:-45:00;008:02:15:00;24780
5;4;-006:-19:-45:00;008:02:15:00;24780
5;5;-006:-19:-45:00;008:02:15:00;0
5;6;-006:-19:-45:00;008:02:15:00;24780
5;7;-006:-19:-45:00;008:02:15:00;24780
5;8;-006:-19:-45:00;008:02:15:00;24780
6;0;-006:-19:-45:00;008:02:15:00;24780
6;1;-006:-19:-45:00;008:02:15:00;23520
6;2;-006:-19:-45:00;008:02:15:00;23520
6;3;-006:-19:-45:00;008:02:15:00;23520
6;4;-006:-19:-45:00;008:02:15:00;23520
6;5;-006:-19:-45:00;008:02:15:00;23520
6;6;-006:-19:-45:00;008:02:15:00;0
6;7;-006:-19:-45:00;008:02:15:00;23520
6;8;-006:-19:-45:00;008:02:15:00;23520
7;0;-006:-19:-45:00;008:02:15:00;23520
7;1;-006:-19:-45:00;008:02:15:00;23520
7;2;-006:-19:-45:00;008:02:15:00;23520
7;3;-006:-19:-45:00;008:02:15:00;23520
7;4;-006:-19:-45:00;008:02:15:00;23520
7;5;-006:-19:-45:00;008:02:15:00;23520
7;6;-006:-19:-45:00;008:02:15:00;23520
7;7;-006:-19:-45:00;008:02:15:00;0
7;8;-006:-19:-45:00;008:02:15:00;23520
8;0;-006:-19:-45:00;008:02:15:00;23520
8;1;-006:-19:-45:00;008:02:15:00;23520
8;2;-006:-19:-45:00;008:02:15:00;23520
8;3;-006:-19:-45:00;008:02:15:00;23520
8;4;-006:-19:-45:00;008:02:15:00;23520
8;5;-006:-19:-45:00;008:02:15:00;23520
8;6;-006:-19:-45:00;008:02:15:00;20160
8;7;-006:-19:-45:00;008:02:15:00;20160
8;8;-006:-19:-45:00;008:02:15:00;0
*
