*
* Diensttypen
*
$DUTY:DutyID;DutyType
0;day-Tripper
23;day-Tripper
28;day-Tripper
38;day-Tripper
45;day-Tripper
12582;day-Block20
12709;day-Split
14767;day-Block20
15558;day-Block30
15966;day-Block30
16103;day-Block30
16536;day-Split
17148;day-Tripper
17353;day-Split
17899;day-Block30
18453;day-Split
19129;day-Block30
19401;day-Block20
19527;day-Split
19873;day-Tripper
20436;day-Split
20503;day-Block30
*
* Dienste
* (mit ElementType: 1 = Servicefahrt, 2 = Leerfahrt Haltestellen, 3 = Fahrt ins Depot, 4 = Fahrt aus dem Depot, 5 = Vorbereitung, 6 = Nachbereitung, 7 = Transfer, 8 = Pause, 9 = Warten, 10 = LayoverTime)
$DUTYELEMENT:DutyID;BlockID;ServiceJourneyID;FromStopID;ToStopID;DepTime;ArrTime;ElementType;ServiceJourneyCode
0;-3;-1;-1;168;0:04:20:00;0:04:30:00;5;
0;0;-1;168;5;0:04:30:00;0:04:55:00;4;
0;0;8;5;16;0:04:55:00;0:05:29:00;1;
0;0;-1;16;6;0:05:29:00;0:05:34:00;2;
0;0;-1;6;6;0:05:34:00;0:05:45:00;9;
0;0;47;6;90;0:05:45:00;0:06:00:00;1;
0;0;-1;90;25;0:06:00:00;0:06:12:00;2;
0;0;-1;25;25;0:06:12:00;0:06:25:00;9;
0;0;118;25;15;0:06:25:00;0:07:05:00;1;
0;0;-1;15;15;0:07:05:00;0:07:15:00;9;
0;0;224;15;6;0:07:15:00;0:07:55:00;1;
0;0;-1;6;168;0:07:55:00;0:08:07:00;3;
0;-3;-1;168;-1;0:08:07:00;0:08:17:00;6;
23;-3;-1;-1;168;0:16:01:00;0:16:11:00;5;
23;9;-1;168;7;0:16:11:00;0:16:34:00;4;
23;9;1077;7;4;0:16:34:00;0:16:55:00;1;
23;9;-1;4;6;0:16:55:00;0:16:55:00;2;
23;9;-1;6;6;0:16:55:00;0:17:00:00;9;
23;9;1129;6;24;0:17:00:00;0:17:26:00;1;
23;9;-1;24;24;0:17:26:00;0:17:27:00;9;
23;9;1171;24;4;0:17:27:00;0:17:55:00;1;
23;9;-1;4;4;0:17:55:00;0:18:00:00;9;
23;9;1242;4;89;0:18:00:00;0:18:26:00;1;
23;9;-1;89;89;0:18:26:00;0:18:41:00;9;
23;9;1301;89;16;0:18:41:00;0:19:09:00;1;
23;9;-1;16;168;0:19:09:00;0:19:21:00;3;
23;-3;-1;168;-1;0:19:21:00;0:19:31:00;6;
28;-3;-1;-1;168;0:17:03:00;0:17:13:00;5;
28;2;-1;168;88;0:17:13:00;0:17:25:00;4;
28;2;1166;88;5;0:17:25:00;0:18:10:00;1;
28;2;-1;5;5;0:18:10:00;0:18:15:00;9;
28;2;1261;5;16;0:18:15:00;0:18:59:00;1;
28;2;-1;16;168;0:18:59:00;0:19:11:00;3;
28;-3;-1;168;-1;0:19:11:00;0:19:21:00;6;
38;-3;-1;-1;168;0:05:53:00;0:06:03:00;5;
38;8;-1;168;6;0:06:03:00;0:06:15:00;4;
38;8;98;6;80;0:06:15:00;0:06:27:00;1;
38;8;123;80;29;0:06:27:00;0:06:40:00;1;
38;8;-1;29;6;0:06:40:00;0:06:41:00;2;
38;8;-1;6;6;0:06:41:00;0:06:45:00;9;
38;8;170;6;45;0:06:45:00;0:07:04:00;1;
38;8;-1;45;45;0:07:04:00;0:07:20:00;9;
38;8;230;45;29;0:07:20:00;0:07:40:00;1;
38;8;-1;29;6;0:07:40:00;0:07:41:00;2;
38;8;-1;6;6;0:07:41:00;0:07:45:00;9;
38;8;278;6;45;0:07:45:00;0:08:17:00;1;
38;8;-1;45;7;0:08:17:00;0:08:30:00;2;
38;8;-1;7;7;0:08:30:00;0:08:34:00;9;
38;8;356;7;4;0:08:34:00;0:08:55:00;1;
38;8;-1;4;6;0:08:55:00;0:08:55:00;2;
38;8;-1;6;6;0:08:55:00;0:09:00:00;9;
38;8;395;6;24;0:09:00:00;0:09:26:00;1;
38;8;-1;24;24;0:09:26:00;0:09:27:00;9;
38;8;424;24;4;0:09:27:00;0:09:55:00;1;
38;8;-1;4;4;0:09:55:00;0:10:00:00;9;
38;-1;-1;4;168;0:10:00:00;0:10:05:00;7;
38;-3;-1;168;-1;0:10:05:00;0:10:15:00;6;
45;-3;-1;-1;168;0:07:08:00;0:07:18:00;5;
45;10;-1;168;4;0:07:18:00;0:07:30:00;4;
45;10;250;4;15;0:07:30:00;0:08:10:00;1;
45;10;-1;15;15;0:08:10:00;0:08:15:00;9;
45;10;324;15;6;0:08:15:00;0:08:55:00;1;
45;10;-1;6;113;0:08:55:00;0:09:13:00;2;
45;10;-1;113;113;0:09:13:00;0:09:28:00;9;
45;10;427;113;16;0:09:28:00;0:09:59:00;1;
45;10;-1;16;45;0:09:59:00;0:10:09:00;2;
45;10;-1;45;45;0:10:09:00;0:10:20:00;9;
45;10;500;45;29;0:10:20:00;0:10:40:00;1;
45;10;-1;29;6;0:10:40:00;0:10:41:00;2;
45;10;-1;6;6;0:10:41:00;0:10:45:00;9;
45;10;537;6;45;0:10:45:00;0:11:04:00;1;
45;10;-1;45;6;0:11:04:00;0:11:13:00;2;
45;10;-1;6;6;0:11:13:00;0:11:15:00;9;
45;-1;-1;6;168;0:11:15:00;0:11:20:00;7;
45;-3;-1;168;-1;0:11:20:00;0:11:30:00;6;
12582;-3;-1;-1;4;0:09:45:00;0:09:55:00;5;
12582;-1;-1;4;4;0:09:55:00;0:10:00:00;7;
12582;8;481;4;117;0:10:00:00;0:10:30:00;1;
12582;8;-1;117;93;0:10:30:00;0:10:30:00;2;
12582;8;-1;93;93;0:10:30:00;0:10:51:00;9;
12582;8;542;93;16;0:10:51:00;0:11:29:00;1;
12582;8;-1;16;168;0:11:29:00;0:11:41:00;3;
12582;-1;P;-1;-1;0:11:41:00;0:12:13:00;8;
12582;4;-1;168;25;0:12:13:00;0:12:25:00;4;
12582;4;664;25;15;0:12:25:00;0:13:10:00;1;
12582;4;-1;15;15;0:13:10:00;0:13:15:00;9;
12582;4;742;15;6;0:13:15:00;0:13:55:00;1;
12582;4;-1;6;7;0:13:55:00;0:14:10:00;2;
12582;4;-1;7;7;0:14:10:00;0:14:34:00;9;
12582;4;880;7;4;0:14:34:00;0:14:55:00;1;
12582;4;-1;4;6;0:14:55:00;0:14:55:00;2;
12582;4;-1;6;6;0:14:55:00;0:15:00:00;9;
12582;4;917;6;24;0:15:00:00;0:15:26:00;1;
12582;4;-1;24;24;0:15:26:00;0:15:27:00;9;
12582;4;952;24;4;0:15:27:00;0:15:55:00;1;
12582;4;-1;4;168;0:15:55:00;0:16:07:00;3;
12582;-1;P;-1;-1;0:16:07:00;0:16:43:00;8;
12582;4;-1;168;25;0:16:43:00;0:16:55:00;4;
12582;4;1115;25;15;0:16:55:00;0:17:40:00;1;
12582;4;-1;15;15;0:17:40:00;0:17:45:00;9;
12582;4;1209;15;6;0:17:45:00;0:18:25:00;1;
12582;4;-1;6;6;0:18:25:00;0:18:30:00;9;
12582;4;1281;6;90;0:18:30:00;0:18:48:00;1;
12582;4;-1;90;168;0:18:48:00;0:19:11:00;3;
12582;-3;-1;168;-1;0:19:11:00;0:19:21:00;6;
12709;-3;-1;-1;168;0:05:08:00;0:05:18:00;5;
12709;3;-1;168;6;0:05:18:00;0:05:30:00;4;
12709;3;30;6;24;0:05:30:00;0:05:52:00;1;
12709;3;-1;24;24;0:05:52:00;0:05:57:00;9;
12709;3;67;24;4;0:05:57:00;0:06:25:00;1;
12709;3;-1;4;6;0:06:25:00;0:06:25:00;2;
12709;3;-1;6;6;0:06:25:00;0:06:30:00;9;
12709;3;131;6;90;0:06:30:00;0:06:48:00;1;
12709;3;-1;90;88;0:06:48:00;0:07:00:00;2;
12709;3;-1;88;88;0:07:00:00;0:07:10:00;9;
12709;3;211;88;89;0:07:10:00;0:07:40:00;1;
12709;3;-1;89;89;0:07:40:00;0:07:46:00;9;
12709;3;279;89;16;0:07:46:00;0:08:19:00;1;
12709;3;-1;16;6;0:08:19:00;0:08:24:00;2;
12709;3;-1;6;6;0:08:24:00;0:08:30:00;9;
12709;3;348;6;90;0:08:30:00;0:08:48:00;1;
12709;3;-1;90;45;0:08:48:00;0:09:00:00;2;
12709;3;-1;45;45;0:09:00:00;0:09:20:00;9;
12709;3;419;45;29;0:09:20:00;0:09:40:00;1;
12709;3;-1;29;6;0:09:40:00;0:09:41:00;2;
12709;3;-1;6;6;0:09:41:00;0:09:45:00;9;
12709;3;458;6;45;0:09:45:00;0:10:17:00;1;
12709;3;-1;45;7;0:10:17:00;0:10:30:00;2;
12709;3;-1;7;7;0:10:30:00;0:10:34:00;9;
12709;3;523;7;4;0:10:34:00;0:10:55:00;1;
12709;3;-1;4;168;0:10:55:00;0:11:07:00;3;
12709;-1;P;-1;-1;0:11:07:00;0:12:43:00;8;
12709;8;-1;168;88;0:12:43:00;0:12:55:00;4;
12709;8;714;88;5;0:12:55:00;0:13:40:00;1;
12709;8;-1;5;5;0:13:40:00;0:13:45:00;9;
12709;8;799;5;16;0:13:45:00;0:14:29:00;1;
12709;8;-1;16;168;0:14:29:00;0:14:41:00;3;
12709;-3;-1;168;-1;0:14:41:00;0:14:51:00;6;
14767;-3;-1;-1;6;0:11:00:00;0:11:10:00;5;
14767;-1;-1;6;6;0:11:10:00;0:11:15:00;7;
14767;10;577;6;42;0:11:15:00;0:11:34:00;1;
14767;10;-1;42;88;0:11:34:00;0:11:46:00;2;
14767;10;-1;88;88;0:11:46:00;0:11:55:00;9;
14767;10;629;88;5;0:11:55:00;0:12:40:00;1;
14767;10;-1;5;5;0:12:40:00;0:12:45:00;9;
14767;10;705;5;6;0:12:45:00;0:13:25:00;1;
14767;10;-1;6;6;0:13:25:00;0:13:45:00;9;
14767;10;802;6;45;0:13:45:00;0:14:04:00;1;
14767;10;-1;45;45;0:14:04:00;0:14:20:00;9;
14767;10;853;45;29;0:14:20:00;0:14:40:00;1;
14767;10;-1;29;168;0:14:40:00;0:14:52:00;3;
14767;-1;P;-1;-1;0:14:52:00;0:15:13:00;8;
14767;8;-1;168;25;0:15:13:00;0:15:25:00;4;
14767;8;948;25;26;0:15:25:00;0:15:57:00;1;
14767;8;-1;26;113;0:15:57:00;0:15:57:00;2;
14767;8;-1;113;113;0:15:57:00;0:15:58:00;9;
14767;8;1013;113;6;0:15:58:00;0:16:25:00;1;
14767;8;-1;6;168;0:16:25:00;0:16:37:00;3;
14767;-1;P;-1;-1;0:16:37:00;0:17:03:00;8;
14767;8;-1;168;6;0:17:03:00;0:17:15:00;4;
14767;8;1152;6;42;0:17:15:00;0:17:34:00;1;
14767;8;-1;42;42;0:17:34:00;0:17:50:00;9;
14767;8;1215;42;29;0:17:50:00;0:18:10:00;1;
14767;8;-1;29;45;0:18:10:00;0:18:19:00;2;
14767;8;-1;45;45;0:18:19:00;0:18:20:00;9;
14767;8;1267;45;29;0:18:20:00;0:18:40:00;1;
14767;8;-1;29;6;0:18:40:00;0:18:41:00;2;
14767;8;-1;6;6;0:18:41:00;0:18:45:00;9;
14767;8;1312;6;45;0:18:45:00;0:19:17:00;1;
14767;8;-1;45;168;0:19:17:00;0:19:35:00;3;
14767;-3;-1;168;-1;0:19:35:00;0:19:45:00;6;
15558;-3;-1;-1;168;0:15:38:00;0:15:48:00;5;
15558;10;-1;168;4;0:15:48:00;0:16:00:00;4;
15558;10;1025;4;117;0:16:00:00;0:16:30:00;1;
15558;10;-1;117;93;0:16:30:00;0:16:30:00;2;
15558;10;-1;93;93;0:16:30:00;0:16:51:00;9;
15558;10;1107;93;6;0:16:51:00;0:17:25:00;1;
15558;10;-1;6;6;0:17:25:00;0:17:30:00;9;
15558;10;1182;6;100;0:17:30:00;0:17:49:00;1;
15558;10;-1;100;7;0:17:49:00;0:17:50:00;2;
15558;10;-1;7;7;0:17:50:00;0:18:04:00;9;
15558;10;1245;7;4;0:18:04:00;0:18:25:00;1;
15558;10;-1;4;88;0:18:25:00;0:18:30:00;2;
15558;10;-1;88;88;0:18:30:00;0:18:40:00;9;
15558;10;1299;88;5;0:18:40:00;0:19:20:00;1;
15558;10;-1;5;5;0:19:20:00;0:19:25:00;9;
15558;10;1364;5;16;0:19:25:00;0:19:58:00;1;
15558;10;-1;16;168;0:19:58:00;0:20:10:00;3;
15558;-1;P;-1;-1;0:20:10:00;0:21:18:00;8;
15558;2;-1;168;6;0:21:18:00;0:21:30:00;4;
15558;2;1434;6;24;0:21:30:00;0:21:52:00;1;
15558;2;-1;24;24;0:21:52:00;0:21:59:00;9;
15558;2;1446;24;4;0:21:59:00;0:22:25:00;1;
15558;2;-1;4;6;0:22:25:00;0:22:25:00;2;
15558;2;-1;6;6;0:22:25:00;0:22:30:00;9;
15558;2;1453;6;100;0:22:30:00;0:22:46:00;1;
15558;2;-1;100;168;0:22:46:00;0:23:11:00;3;
15558;-3;-1;168;-1;0:23:11:00;0:23:21:00;6;
15966;-3;-1;-1;168;0:13:03:00;0:13:13:00;5;
15966;7;-1;168;88;0:13:13:00;0:13:25:00;4;
15966;7;756;88;5;0:13:25:00;0:14:10:00;1;
15966;7;-1;5;5;0:14:10:00;0:14:15:00;9;
15966;7;847;5;16;0:14:15:00;0:14:59:00;1;
15966;7;-1;16;168;0:14:59:00;0:15:11:00;3;
15966;-1;P;-1;-1;0:15:11:00;0:16:13:00;8;
15966;5;-1;168;88;0:16:13:00;0:16:25:00;4;
15966;5;1055;88;5;0:16:25:00;0:17:10:00;1;
15966;5;-1;5;5;0:17:10:00;0:17:15:00;9;
15966;5;1153;5;6;0:17:15:00;0:17:55:00;1;
15966;5;-1;6;6;0:17:55:00;0:18:00:00;9;
15966;5;1237;6;55;0:18:00:00;0:18:41:00;1;
15966;5;-1;55;55;0:18:41:00;0:18:44:00;9;
15966;5;1304;55;4;0:18:44:00;0:19:25:00;1;
15966;5;-1;4;6;0:19:25:00;0:19:25:00;2;
15966;5;-1;6;6;0:19:25:00;0:19:30:00;9;
15966;5;1373;6;100;0:19:30:00;0:19:49:00;1;
15966;5;-1;100;7;0:19:49:00;0:19:50:00;2;
15966;5;-1;7;7;0:19:50:00;0:20:06:00;9;
15966;5;1399;7;4;0:20:06:00;0:20:25:00;1;
15966;5;-1;4;6;0:20:25:00;0:20:25:00;2;
15966;5;-1;6;6;0:20:25:00;0:20:30:00;9;
15966;5;1406;6;24;0:20:30:00;0:20:52:00;1;
15966;5;-1;24;24;0:20:52:00;0:20:59:00;9;
15966;5;1424;24;4;0:20:59:00;0:21:25:00;1;
15966;5;-1;4;6;0:21:25:00;0:21:25:00;2;
15966;5;-1;6;6;0:21:25:00;0:21:30:00;9;
15966;5;1437;6;80;0:21:30:00;0:21:40:00;1;
15966;5;1441;80;29;0:21:40:00;0:21:50:00;1;
15966;5;-1;29;168;0:21:50:00;0:22:02:00;3;
15966;-3;-1;168;-1;0:22:02:00;0:22:12:00;6;
16103;-3;-1;-1;168;0:06:25:00;0:06:35:00;5;
16103;9;-1;168;42;0:06:35:00;0:06:50:00;4;
16103;9;178;42;29;0:06:50:00;0:07:10:00;1;
16103;9;-1;29;25;0:07:10:00;0:07:14:00;2;
16103;9;-1;25;25;0:07:14:00;0:07:25:00;9;
16103;9;234;25;26;0:07:25:00;0:07:57:00;1;
16103;9;-1;26;113;0:07:57:00;0:07:57:00;2;
16103;9;-1;113;113;0:07:57:00;0:07:58:00;9;
16103;9;294;113;16;0:07:58:00;0:08:29:00;1;
16103;9;-1;16;168;0:08:29:00;0:08:41:00;3;
16103;-1;P;-1;-1;0:08:41:00;0:09:48:00;8;
16103;0;-1;168;6;0:09:48:00;0:10:00:00;4;
16103;0;476;6;55;0:10:00:00;0:10:41:00;1;
16103;0;-1;55;55;0:10:41:00;0:10:44:00;9;
16103;0;531;55;4;0:10:44:00;0:11:25:00;1;
16103;0;-1;4;6;0:11:25:00;0:11:25:00;2;
16103;0;-1;6;6;0:11:25:00;0:11:30:00;9;
16103;0;598;6;100;0:11:30:00;0:11:49:00;1;
16103;0;-1;100;7;0:11:49:00;0:11:50:00;2;
16103;0;-1;7;7;0:11:50:00;0:12:04:00;9;
16103;0;644;7;4;0:12:04:00;0:12:25:00;1;
16103;0;-1;4;6;0:12:25:00;0:12:25:00;2;
16103;0;-1;6;6;0:12:25:00;0:12:30:00;9;
16103;0;675;6;90;0:12:30:00;0:12:48:00;1;
16103;0;-1;90;168;0:12:48:00;0:13:11:00;3;
16103;-3;-1;168;-1;0:13:11:00;0:13:21:00;6;
16536;-3;-1;-1;168;0:05:38:00;0:05:48:00;5;
16536;6;-1;168;6;0:05:48:00;0:06:00:00;4;
16536;6;75;6;55;0:06:00:00;0:06:41:00;1;
16536;6;-1;55;55;0:06:41:00;0:06:44:00;9;
16536;6;159;55;4;0:06:44:00;0:07:25:00;1;
16536;6;-1;4;6;0:07:25:00;0:07:25:00;2;
16536;6;-1;6;6;0:07:25:00;0:07:30:00;9;
16536;6;247;6;100;0:07:30:00;0:07:49:00;1;
16536;6;-1;100;7;0:07:49:00;0:07:50:00;2;
16536;6;-1;7;7;0:07:50:00;0:08:04:00;9;
16536;6;308;7;4;0:08:04:00;0:08:25:00;1;
16536;6;-1;4;4;0:08:25:00;0:08:30:00;9;
16536;6;350;4;26;0:08:30:00;0:08:57:00;1;
16536;6;-1;26;42;0:08:57:00;0:09:12:00;2;
16536;6;-1;42;42;0:09:12:00;0:09:50:00;9;
16536;6;463;42;29;0:09:50:00;0:10:10:00;1;
16536;6;-1;29;6;0:10:10:00;0:10:11:00;2;
16536;6;-1;6;6;0:10:11:00;0:10:15:00;9;
16536;6;496;6;42;0:10:15:00;0:10:34:00;1;
16536;6;-1;42;42;0:10:34:00;0:10:50:00;9;
16536;6;541;42;29;0:10:50:00;0:11:10:00;1;
16536;6;-1;29;45;0:11:10:00;0:11:19:00;2;
16536;6;-1;45;45;0:11:19:00;0:11:20:00;9;
16536;6;581;45;29;0:11:20:00;0:11:40:00;1;
16536;6;-1;29;6;0:11:40:00;0:11:41:00;2;
16536;6;-1;6;6;0:11:41:00;0:11:45:00;9;
16536;6;619;6;45;0:11:45:00;0:12:04:00;1;
16536;6;-1;45;45;0:12:04:00;0:12:20:00;9;
16536;6;659;45;29;0:12:20:00;0:12:40:00;1;
16536;6;-1;29;168;0:12:40:00;0:12:52:00;3;
16536;-1;P;-1;-1;0:12:52:00;0:14:33:00;8;
16536;0;-1;168;6;0:14:33:00;0:14:45:00;4;
16536;0;897;6;45;0:14:45:00;0:15:17:00;1;
16536;0;-1;45;45;0:15:17:00;0:15:20:00;9;
16536;0;943;45;29;0:15:20:00;0:15:40:00;1;
16536;0;-1;29;6;0:15:40:00;0:15:41:00;2;
16536;0;-1;6;6;0:15:41:00;0:15:45:00;9;
16536;0;996;6;45;0:15:45:00;0:16:04:00;1;
16536;0;-1;45;6;0:16:04:00;0:16:13:00;2;
16536;0;-1;6;6;0:16:13:00;0:16:15:00;9;
16536;0;1042;6;42;0:16:15:00;0:16:34:00;1;
16536;0;-1;42;42;0:16:34:00;0:16:50:00;9;
16536;0;1105;42;29;0:16:50:00;0:17:10:00;1;
16536;0;-1;29;168;0:17:10:00;0:17:22:00;3;
16536;-3;-1;168;-1;0:17:22:00;0:17:32:00;6;
17148;-3;-1;-1;15;0:16:50:00;0:17:00:00;5;
17148;-1;-1;15;15;0:17:00:00;0:17:05:00;7;
17148;6;1138;15;16;0:17:05:00;0:17:49:00;1;
17148;6;-1;16;25;0:17:49:00;0:17:50:00;2;
17148;6;-1;25;25;0:17:50:00;0:17:55:00;9;
17148;6;1226;25;15;0:17:55:00;0:18:40:00;1;
17148;6;-1;15;15;0:18:40:00;0:18:45:00;9;
17148;6;1311;15;16;0:18:45:00;0:19:23:00;1;
17148;6;-1;16;88;0:19:23:00;0:19:24:00;2;
17148;6;-1;88;88;0:19:24:00;0:19:25:00;9;
17148;6;1363;88;89;0:19:25:00;0:19:51:00;1;
17148;6;-1;89;89;0:19:51:00;0:19:56:00;9;
17148;6;1392;89;16;0:19:56:00;0:20:23:00;1;
17148;6;-1;16;6;0:20:23:00;0:20:28:00;2;
17148;6;-1;6;6;0:20:28:00;0:20:30:00;9;
17148;6;1409;6;80;0:20:30:00;0:20:40:00;1;
17148;6;1414;80;29;0:20:40:00;0:20:50:00;1;
17148;6;-1;29;168;0:20:50:00;0:21:02:00;3;
17148;-3;-1;168;-1;0:21:02:00;0:21:12:00;6;
17353;-3;-1;-1;168;0:04:46:00;0:04:56:00;5;
17353;1;-1;168;7;0:04:56:00;0:05:19:00;4;
17353;1;21;7;4;0:05:19:00;0:05:38:00;1;
17353;1;-1;4;6;0:05:38:00;0:05:38:00;2;
17353;1;-1;6;6;0:05:38:00;0:05:45:00;9;
17353;1;48;6;80;0:05:45:00;0:05:55:00;1;
17353;1;-1;80;80;0:05:55:00;0:05:57:00;9;
17353;1;68;80;29;0:05:57:00;0:06:10:00;1;
17353;1;-1;29;7;0:06:10:00;0:06:24:00;2;
17353;1;-1;7;7;0:06:24:00;0:06:34:00;9;
17353;1;141;7;4;0:06:34:00;0:06:55:00;1;
17353;1;-1;4;6;0:06:55:00;0:06:55:00;2;
17353;1;-1;6;6;0:06:55:00;0:07:00:00;9;
17353;1;198;6;24;0:07:00:00;0:07:26:00;1;
17353;1;-1;24;24;0:07:26:00;0:07:27:00;9;
17353;1;236;24;4;0:07:27:00;0:07:55:00;1;
17353;1;-1;4;6;0:07:55:00;0:07:55:00;2;
17353;1;-1;6;6;0:07:55:00;0:08:00:00;9;
17353;1;300;6;55;0:08:00:00;0:08:41:00;1;
17353;1;-1;55;55;0:08:41:00;0:08:44:00;9;
17353;1;370;55;4;0:08:44:00;0:09:25:00;1;
17353;1;-1;4;168;0:09:25:00;0:09:37:00;3;
17353;-1;P;-1;-1;0:09:37:00;0:11:35:00;8;
17353;5;-1;168;42;0:11:35:00;0:11:50:00;4;
17353;5;624;42;29;0:11:50:00;0:12:10:00;1;
17353;5;-1;29;6;0:12:10:00;0:12:11:00;2;
17353;5;-1;6;6;0:12:11:00;0:12:15:00;9;
17353;5;655;6;42;0:12:15:00;0:12:34:00;1;
17353;5;-1;42;42;0:12:34:00;0:12:50:00;9;
17353;5;709;42;29;0:12:50:00;0:13:10:00;1;
17353;5;-1;29;6;0:13:10:00;0:13:11:00;2;
17353;5;-1;6;6;0:13:11:00;0:13:15:00;9;
17353;5;743;6;42;0:13:15:00;0:13:34:00;1;
17353;5;-1;42;42;0:13:34:00;0:13:50:00;9;
17353;5;807;42;29;0:13:50:00;0:14:10:00;1;
17353;5;-1;29;6;0:14:10:00;0:14:11:00;2;
17353;5;-1;6;6;0:14:11:00;0:14:15:00;9;
17353;5;846;6;42;0:14:15:00;0:14:34:00;1;
17353;5;-1;42;113;0:14:34:00;0:14:49:00;2;
17353;5;-1;113;113;0:14:49:00;0:14:58:00;9;
17353;5;912;113;6;0:14:58:00;0:15:25:00;1;
17353;5;-1;6;168;0:15:25:00;0:15:37:00;3;
17353;-3;-1;168;-1;0:15:37:00;0:15:47:00;6;
17899;-3;-1;-1;168;0:11:08:00;0:11:18:00;5;
17899;1;-1;168;4;0:11:18:00;0:11:30:00;4;
17899;1;602;4;26;0:11:30:00;0:11:57:00;1;
17899;1;-1;26;113;0:11:57:00;0:11:57:00;2;
17899;1;-1;113;113;0:11:57:00;0:11:58:00;9;
17899;1;632;113;6;0:11:58:00;0:12:25:00;1;
17899;1;-1;6;6;0:12:25:00;0:12:45:00;9;
17899;1;706;6;45;0:12:45:00;0:13:04:00;1;
17899;1;-1;45;45;0:13:04:00;0:13:20:00;9;
17899;1;747;45;29;0:13:20:00;0:13:40:00;1;
17899;1;-1;29;6;0:13:40:00;0:13:41:00;2;
17899;1;-1;6;6;0:13:41:00;0:14:00:00;9;
17899;1;817;6;55;0:14:00:00;0:14:41:00;1;
17899;1;-1;55;55;0:14:41:00;0:14:44:00;9;
17899;1;889;55;4;0:14:44:00;0:15:25:00;1;
17899;1;-1;4;6;0:15:25:00;0:15:25:00;2;
17899;1;-1;6;6;0:15:25:00;0:15:30:00;9;
17899;1;964;6;100;0:15:30:00;0:15:49:00;1;
17899;1;-1;100;7;0:15:49:00;0:15:50:00;2;
17899;1;-1;7;7;0:15:50:00;0:16:04:00;9;
17899;1;1030;7;4;0:16:04:00;0:16:25:00;1;
17899;1;-1;4;6;0:16:25:00;0:16:25:00;2;
17899;1;-1;6;6;0:16:25:00;0:16:30:00;9;
17899;1;1067;6;90;0:16:30:00;0:16:48:00;1;
17899;1;-1;90;168;0:16:48:00;0:17:11:00;3;
17899;-1;P;-1;-1;0:17:11:00;0:18:11:00;8;
17899;1;-1;168;7;0:18:11:00;0:18:34:00;4;
17899;1;1289;7;4;0:18:34:00;0:18:55:00;1;
17899;1;-1;4;4;0:18:55:00;0:19:00:00;9;
17899;1;1338;4;26;0:19:00:00;0:19:22:00;1;
17899;1;-1;26;168;0:19:22:00;0:19:47:00;3;
17899;-3;-1;168;-1;0:19:47:00;0:19:57:00;6;
18453;-3;-1;-1;168;0:05:40:00;0:05:50:00;5;
18453;7;-1;168;5;0:05:50:00;0:06:15:00;4;
18453;7;99;5;6;0:06:15:00;0:06:55:00;1;
18453;7;-1;6;6;0:06:55:00;0:07:15:00;9;
18453;7;225;6;42;0:07:15:00;0:07:34:00;1;
18453;7;-1;42;88;0:07:34:00;0:07:46:00;2;
18453;7;-1;88;88;0:07:46:00;0:07:55:00;9;
18453;7;290;88;5;0:07:55:00;0:08:40:00;1;
18453;7;-1;5;5;0:08:40:00;0:08:45:00;9;
18453;7;375;5;6;0:08:45:00;0:09:25:00;1;
18453;7;-1;6;4;0:09:25:00;0:09:26:00;2;
18453;7;-1;4;4;0:09:26:00;0:09:30:00;9;
18453;7;440;4;26;0:09:30:00;0:09:57:00;1;
18453;7;-1;26;113;0:09:57:00;0:09:57:00;2;
18453;7;-1;113;113;0:09:57:00;0:10:28:00;9;
18453;7;507;113;6;0:10:28:00;0:10:55:00;1;
18453;7;-1;6;4;0:10:55:00;0:10:56:00;2;
18453;7;-1;4;4;0:10:56:00;0:11:00:00;9;
18453;7;560;4;89;0:11:00:00;0:11:26:00;1;
18453;7;585;89;6;0:11:26:00;0:11:55:00;1;
18453;7;-1;6;168;0:11:55:00;0:12:07:00;3;
18453;-1;P;-1;-1;0:12:07:00;0:14:18:00;8;
18453;6;-1;168;4;0:14:18:00;0:14:30:00;4;
18453;6;875;4;15;0:14:30:00;0:15:10:00;1;
18453;6;-1;15;15;0:15:10:00;0:15:15:00;9;
18453;6;939;15;16;0:15:15:00;0:15:59:00;1;
18453;6;-1;16;25;0:15:59:00;0:16:00:00;2;
18453;6;-1;25;25;0:16:00:00;0:16:20:00;9;
18453;6;1049;25;15;0:16:20:00;0:17:05:00;1;
18453;-1;-1;15;168;0:17:05:00;0:17:10:00;7;
18453;-3;-1;168;-1;0:17:10:00;0:17:20:00;6;
19129;-3;-1;-1;168;0:04:48:00;0:04:58:00;5;
19129;2;-1;168;80;0:04:58:00;0:05:15:00;4;
19129;2;19;80;29;0:05:15:00;0:05:25:00;1;
19129;2;-1;29;4;0:05:25:00;0:05:25:00;2;
19129;2;-1;4;4;0:05:25:00;0:05:30:00;9;
19129;2;32;4;15;0:05:30:00;0:05:59:00;1;
19129;2;-1;15;15;0:05:59:00;0:06:00:00;9;
19129;2;78;15;16;0:06:00:00;0:06:44:00;1;
19129;2;-1;16;88;0:06:44:00;0:06:45:00;2;
19129;2;-1;88;88;0:06:45:00;0:06:55:00;9;
19129;2;185;88;89;0:06:55:00;0:07:20:00;1;
19129;2;-1;89;89;0:07:20:00;0:07:26:00;9;
19129;2;235;89;16;0:07:26:00;0:07:59:00;1;
19129;2;-1;16;6;0:07:59:00;0:08:04:00;2;
19129;2;-1;6;6;0:08:04:00;0:08:15:00;9;
19129;2;325;6;42;0:08:15:00;0:08:34:00;1;
19129;2;-1;42;42;0:08:34:00;0:08:50:00;9;
19129;2;381;42;29;0:08:50:00;0:09:10:00;1;
19129;2;-1;29;159;0:09:10:00;0:09:15:00;2;
19129;2;415;159;6;0:09:15:00;0:09:22:00;1;
19129;2;-1;6;6;0:09:22:00;0:09:30:00;9;
19129;2;436;6;100;0:09:30:00;0:09:49:00;1;
19129;2;-1;100;7;0:09:49:00;0:09:50:00;2;
19129;2;-1;7;7;0:09:50:00;0:10:04:00;9;
19129;2;485;7;4;0:10:04:00;0:10:25:00;1;
19129;2;-1;4;168;0:10:25:00;0:10:37:00;3;
19129;-1;P;-1;-1;0:10:37:00;0:11:43:00;8;
19129;2;-1;168;25;0:11:43:00;0:11:55:00;4;
19129;2;628;25;26;0:11:55:00;0:12:27:00;1;
19129;2;-1;26;113;0:12:27:00;0:12:27:00;2;
19129;2;-1;113;113;0:12:27:00;0:12:28:00;9;
19129;2;667;113;16;0:12:28:00;0:12:59:00;1;
19129;2;-1;16;168;0:12:59:00;0:13:11:00;3;
19129;-3;-1;168;-1;0:13:11:00;0:13:21:00;6;
19401;-3;-1;-1;168;0:15:38:00;0:15:48:00;5;
19401;7;-1;168;6;0:15:48:00;0:16:00:00;4;
19401;7;1028;6;55;0:16:00:00;0:16:41:00;1;
19401;7;-1;55;55;0:16:41:00;0:16:44:00;9;
19401;7;1093;55;4;0:16:44:00;0:17:25:00;1;
19401;7;-1;4;168;0:17:25:00;0:17:37:00;3;
19401;-1;P;-1;-1;0:17:37:00;0:18:13:00;8;
19401;0;-1;168;25;0:18:13:00;0:18:25:00;4;
19401;0;1270;25;15;0:18:25:00;0:19:05:00;1;
19401;0;-1;15;15;0:19:05:00;0:19:15:00;9;
19401;0;1354;15;16;0:19:15:00;0:19:53:00;1;
19401;0;-1;16;168;0:19:53:00;0:20:05:00;3;
19401;-1;P;-1;-1;0:20:05:00;0:20:33:00;8;
19401;4;-1;168;88;0:20:33:00;0:20:45:00;4;
19401;4;1416;88;5;0:20:45:00;0:21:25:00;1;
19401;4;-1;5;168;0:21:25:00;0:21:50:00;3;
19401;-3;-1;168;-1;0:21:50:00;0:22:00:00;6;
19527;-3;-1;-1;168;0:12:01:00;0:12:11:00;5;
19527;3;-1;168;7;0:12:11:00;0:12:34:00;4;
19527;3;686;7;4;0:12:34:00;0:12:55:00;1;
19527;3;-1;4;6;0:12:55:00;0:12:55:00;2;
19527;3;-1;6;6;0:12:55:00;0:13:00:00;9;
19527;3;721;6;24;0:13:00:00;0:13:26:00;1;
19527;3;-1;24;24;0:13:26:00;0:13:27:00;9;
19527;3;757;24;4;0:13:27:00;0:13:55:00;1;
19527;3;-1;4;4;0:13:55:00;0:14:00:00;9;
19527;3;820;4;26;0:14:00:00;0:14:27:00;1;
19527;3;-1;26;42;0:14:27:00;0:14:42:00;2;
19527;3;-1;42;42;0:14:42:00;0:14:50:00;9;
19527;3;901;42;29;0:14:50:00;0:15:10:00;1;
19527;3;-1;29;6;0:15:10:00;0:15:11:00;2;
19527;3;-1;6;6;0:15:11:00;0:15:15:00;9;
19527;3;940;6;42;0:15:15:00;0:15:34:00;1;
19527;3;-1;42;42;0:15:34:00;0:15:50:00;9;
19527;3;1000;42;29;0:15:50:00;0:16:10:00;1;
19527;3;-1;29;45;0:16:10:00;0:16:19:00;2;
19527;3;-1;45;45;0:16:19:00;0:16:20:00;9;
19527;3;1050;45;29;0:16:20:00;0:16:40:00;1;
19527;3;-1;29;6;0:16:40:00;0:16:41:00;2;
19527;3;-1;6;6;0:16:41:00;0:16:45:00;9;
19527;3;1101;6;45;0:16:45:00;0:17:17:00;1;
19527;3;-1;45;45;0:17:17:00;0:17:20:00;9;
19527;3;1158;45;29;0:17:20:00;0:17:40:00;1;
19527;3;-1;29;6;0:17:40:00;0:17:41:00;2;
19527;3;-1;6;6;0:17:41:00;0:17:45:00;9;
19527;3;1210;6;45;0:17:45:00;0:18:04:00;1;
19527;3;-1;45;6;0:18:04:00;0:18:13:00;2;
19527;3;-1;6;6;0:18:13:00;0:18:15:00;9;
19527;3;1260;6;42;0:18:15:00;0:18:34:00;1;
19527;3;-1;42;42;0:18:34:00;0:18:50:00;9;
19527;3;1317;42;29;0:18:50:00;0:19:10:00;1;
19527;3;-1;29;6;0:19:10:00;0:19:11:00;2;
19527;3;-1;6;6;0:19:11:00;0:19:15:00;9;
19527;3;1355;6;80;0:19:15:00;0:19:25:00;1;
19527;3;1362;80;29;0:19:25:00;0:19:35:00;1;
19527;3;-1;29;6;0:19:35:00;0:19:36:00;2;
19527;3;-1;6;6;0:19:36:00;0:19:45:00;9;
19527;3;1383;6;80;0:19:45:00;0:19:55:00;1;
19527;3;1390;80;29;0:19:55:00;0:20:05:00;1;
19527;3;-1;29;168;0:20:05:00;0:20:17:00;3;
19527;-1;P;-1;-1;0:20:17:00;0:22:18:00;8;
19527;9;-1;168;6;0:22:18:00;0:22:30:00;4;
19527;9;1455;6;80;0:22:30:00;0:22:40:00;1;
19527;9;1458;80;29;0:22:40:00;0:22:50:00;1;
19527;9;-1;29;168;0:22:50:00;0:23:02:00;3;
19527;-3;-1;168;-1;0:23:02:00;0:23:12:00;6;
19873;-3;-1;-1;168;0:18:38:00;0:18:48:00;5;
19873;7;-1;168;6;0:18:48:00;0:19:00:00;4;
19873;7;1335;6;24;0:19:00:00;0:19:26:00;1;
19873;7;-1;24;24;0:19:26:00;0:19:27:00;9;
19873;7;1366;24;4;0:19:27:00;0:19:55:00;1;
19873;7;-1;4;4;0:19:55:00;0:20:00:00;9;
19873;7;1396;4;15;0:20:00:00;0:20:35:00;1;
19873;7;-1;15;15;0:20:35:00;0:20:45:00;9;
19873;7;1417;15;16;0:20:45:00;0:21:23:00;1;
19873;7;-1;16;25;0:21:23:00;0:21:24:00;2;
19873;7;-1;25;25;0:21:24:00;0:21:25:00;9;
19873;7;1432;25;26;0:21:25:00;0:21:52:00;1;
19873;7;-1;26;113;0:21:52:00;0:21:52:00;2;
19873;7;-1;113;113;0:21:52:00;0:21:58:00;9;
19873;7;1445;113;16;0:21:58:00;0:22:23:00;1;
19873;7;-1;16;25;0:22:23:00;0:22:24:00;2;
19873;7;-1;25;25;0:22:24:00;0:22:25:00;9;
19873;7;1451;25;26;0:22:25:00;0:22:48:00;1;
19873;7;-1;26;113;0:22:48:00;0:22:48:00;2;
19873;7;1459;113;16;0:22:48:00;0:23:13:00;1;
19873;7;-1;16;168;0:23:13:00;0:23:25:00;3;
19873;-3;-1;168;-1;0:23:25:00;0:23:35:00;6;
20436;-3;-1;-1;168;0:05:38:00;0:05:48:00;5;
20436;4;-1;168;4;0:05:48:00;0:06:00:00;4;
20436;4;81;4;5;0:06:00:00;0:06:30:00;1;
20436;4;-1;5;5;0:06:30:00;0:06:45:00;9;
20436;4;169;5;16;0:06:45:00;0:07:29:00;1;
20436;4;-1;16;88;0:07:29:00;0:07:30:00;2;
20436;4;-1;88;88;0:07:30:00;0:07:40:00;9;
20436;4;266;88;89;0:07:40:00;0:08:10:00;1;
20436;4;-1;89;89;0:08:10:00;0:08:11:00;9;
20436;4;314;89;16;0:08:11:00;0:08:44:00;1;
20436;4;-1;16;25;0:08:44:00;0:08:45:00;2;
20436;4;-1;25;25;0:08:45:00;0:08:55:00;9;
20436;4;388;25;15;0:08:55:00;0:09:40:00;1;
20436;4;-1;15;15;0:09:40:00;0:09:45:00;9;
20436;4;457;15;6;0:09:45:00;0:10:25:00;1;
20436;4;-1;6;6;0:10:25:00;0:10:30:00;9;
20436;4;514;6;90;0:10:30:00;0:10:48:00;1;
20436;4;-1;90;168;0:10:48:00;0:11:11:00;3;
20436;-1;P;-1;-1;0:11:11:00;0:13:13:00;8;
20436;2;-1;168;25;0:13:13:00;0:13:25:00;4;
20436;2;755;25;15;0:13:25:00;0:14:10:00;1;
20436;2;-1;15;15;0:14:10:00;0:14:15:00;9;
20436;2;845;15;6;0:14:15:00;0:14:55:00;1;
20436;2;-1;6;88;0:14:55:00;0:14:59:00;2;
20436;2;-1;88;88;0:14:59:00;0:15:00:00;9;
20436;2;922;88;5;0:15:00:00;0:15:45:00;1;
20436;2;-1;5;5;0:15:45:00;0:16:15:00;9;
20436;2;1043;5;16;0:16:15:00;0:16:59:00;1;
20436;2;-1;16;168;0:16:59:00;0:17:11:00;3;
20436;-3;-1;168;-1;0:17:11:00;0:17:21:00;6;
20503;-3;-1;-1;168;0:05:38:00;0:05:48:00;5;
20503;5;-1;168;4;0:05:48:00;0:06:00:00;4;
20503;5;77;4;15;0:06:00:00;0:06:35:00;1;
20503;5;-1;15;15;0:06:35:00;0:06:45:00;9;
20503;5;167;15;16;0:06:45:00;0:07:29:00;1;
20503;5;-1;16;42;0:07:29:00;0:07:41:00;2;
20503;5;-1;42;42;0:07:41:00;0:07:50:00;9;
20503;5;282;42;29;0:07:50:00;0:08:10:00;1;
20503;5;-1;29;45;0:08:10:00;0:08:19:00;2;
20503;5;-1;45;45;0:08:19:00;0:08:20:00;9;
20503;5;332;45;29;0:08:20:00;0:08:40:00;1;
20503;5;-1;29;6;0:08:40:00;0:08:41:00;2;
20503;5;-1;6;6;0:08:41:00;0:08:45:00;9;
20503;5;376;6;45;0:08:45:00;0:09:04:00;1;
20503;5;-1;45;6;0:09:04:00;0:09:13:00;2;
20503;5;-1;6;6;0:09:13:00;0:09:15:00;9;
20503;5;414;6;42;0:09:15:00;0:09:34:00;1;
20503;5;-1;42;168;0:09:34:00;0:09:52:00;3;
20503;-1;P;-1;-1;0:09:52:00;0:10:48:00;8;
20503;9;-1;168;6;0:10:48:00;0:11:00:00;4;
20503;9;555;6;24;0:11:00:00;0:11:26:00;1;
20503;9;-1;24;24;0:11:26:00;0:11:27:00;9;
20503;9;586;24;4;0:11:27:00;0:11:55:00;1;
20503;9;-1;4;6;0:11:55:00;0:11:55:00;2;
20503;9;-1;6;6;0:11:55:00;0:12:00:00;9;
20503;9;635;6;55;0:12:00:00;0:12:41:00;1;
20503;9;-1;55;55;0:12:41:00;0:12:44:00;9;
20503;9;697;55;4;0:12:44:00;0:13:25:00;1;
20503;9;-1;4;6;0:13:25:00;0:13:25:00;2;
20503;9;-1;6;6;0:13:25:00;0:13:30:00;9;
20503;9;771;6;100;0:13:30:00;0:13:49:00;1;
20503;9;-1;100;7;0:13:49:00;0:13:50:00;2;
20503;9;-1;7;7;0:13:50:00;0:14:04:00;9;
20503;9;827;7;4;0:14:04:00;0:14:25:00;1;
20503;9;-1;4;6;0:14:25:00;0:14:25:00;2;
20503;9;-1;6;6;0:14:25:00;0:14:30:00;9;
20503;9;871;6;90;0:14:30:00;0:14:48:00;1;
20503;9;-1;90;168;0:14:48:00;0:15:11:00;3;
20503;-3;-1;168;-1;0:15:11:00;0:15:21:00;6;
